 v-sweep         v(vin)          v(vout)        
 0.00000000e+00  0.00000000e+00  1.49999823e+00 
 1.00000000e-03  1.00000000e-03  1.49999821e+00 
 2.00000000e-03  2.00000000e-03  1.49999820e+00 
 3.00000000e-03  3.00000000e-03  1.49999818e+00 
 4.00000000e-03  4.00000000e-03  1.49999816e+00 
 5.00000000e-03  5.00000000e-03  1.49999814e+00 
 6.00000000e-03  6.00000000e-03  1.49999812e+00 
 7.00000000e-03  7.00000000e-03  1.49999810e+00 
 8.00000000e-03  8.00000000e-03  1.49999808e+00 
 9.00000000e-03  9.00000000e-03  1.49999805e+00 
 1.00000000e-02  1.00000000e-02  1.49999803e+00 
 1.10000000e-02  1.10000000e-02  1.49999801e+00 
 1.20000000e-02  1.20000000e-02  1.49999798e+00 
 1.30000000e-02  1.30000000e-02  1.49999795e+00 
 1.40000000e-02  1.40000000e-02  1.49999793e+00 
 1.50000000e-02  1.50000000e-02  1.49999790e+00 
 1.60000000e-02  1.60000000e-02  1.49999787e+00 
 1.70000000e-02  1.70000000e-02  1.49999784e+00 
 1.80000000e-02  1.80000000e-02  1.49999781e+00 
 1.90000000e-02  1.90000000e-02  1.49999778e+00 
 2.00000000e-02  2.00000000e-02  1.49999774e+00 
 2.10000000e-02  2.10000000e-02  1.49999771e+00 
 2.20000000e-02  2.20000000e-02  1.49999767e+00 
 2.30000000e-02  2.30000000e-02  1.49999763e+00 
 2.40000000e-02  2.40000000e-02  1.49999760e+00 
 2.50000000e-02  2.50000000e-02  1.49999756e+00 
 2.60000000e-02  2.60000000e-02  1.49999752e+00 
 2.70000000e-02  2.70000000e-02  1.49999747e+00 
 2.80000000e-02  2.80000000e-02  1.49999743e+00 
 2.90000000e-02  2.90000000e-02  1.49999738e+00 
 3.00000000e-02  3.00000000e-02  1.49999734e+00 
 3.10000000e-02  3.10000000e-02  1.49999729e+00 
 3.20000000e-02  3.20000000e-02  1.49999724e+00 
 3.30000000e-02  3.30000000e-02  1.49999718e+00 
 3.40000000e-02  3.40000000e-02  1.49999713e+00 
 3.50000000e-02  3.50000000e-02  1.49999707e+00 
 3.60000000e-02  3.60000000e-02  1.49999702e+00 
 3.70000000e-02  3.70000000e-02  1.49999696e+00 
 3.80000000e-02  3.80000000e-02  1.49999690e+00 
 3.90000000e-02  3.90000000e-02  1.49999683e+00 
 4.00000000e-02  4.00000000e-02  1.49999677e+00 
 4.10000000e-02  4.10000000e-02  1.49999670e+00 
 4.20000000e-02  4.20000000e-02  1.49999663e+00 
 4.30000000e-02  4.30000000e-02  1.49999655e+00 
 4.40000000e-02  4.40000000e-02  1.49999648e+00 
 4.50000000e-02  4.50000000e-02  1.49999640e+00 
 4.60000000e-02  4.60000000e-02  1.49999632e+00 
 4.70000000e-02  4.70000000e-02  1.49999624e+00 
 4.80000000e-02  4.80000000e-02  1.49999615e+00 
 4.90000000e-02  4.90000000e-02  1.49999606e+00 
 5.00000000e-02  5.00000000e-02  1.49999597e+00 
 5.10000000e-02  5.10000000e-02  1.49999587e+00 
 5.20000000e-02  5.20000000e-02  1.49999578e+00 
 5.30000000e-02  5.30000000e-02  1.49999567e+00 
 5.40000000e-02  5.40000000e-02  1.49999557e+00 
 5.50000000e-02  5.50000000e-02  1.49999546e+00 
 5.60000000e-02  5.60000000e-02  1.49999535e+00 
 5.70000000e-02  5.70000000e-02  1.49999523e+00 
 5.80000000e-02  5.80000000e-02  1.49999511e+00 
 5.90000000e-02  5.90000000e-02  1.49999499e+00 
 6.00000000e-02  6.00000000e-02  1.49999486e+00 
 6.10000000e-02  6.10000000e-02  1.49999473e+00 
 6.20000000e-02  6.20000000e-02  1.49999459e+00 
 6.30000000e-02  6.30000000e-02  1.49999445e+00 
 6.40000000e-02  6.40000000e-02  1.49999431e+00 
 6.50000000e-02  6.50000000e-02  1.49999415e+00 
 6.60000000e-02  6.60000000e-02  1.49999400e+00 
 6.70000000e-02  6.70000000e-02  1.49999384e+00 
 6.80000000e-02  6.80000000e-02  1.49999367e+00 
 6.90000000e-02  6.90000000e-02  1.49999350e+00 
 7.00000000e-02  7.00000000e-02  1.49999332e+00 
 7.10000000e-02  7.10000000e-02  1.49999314e+00 
 7.20000000e-02  7.20000000e-02  1.49999295e+00 
 7.30000000e-02  7.30000000e-02  1.49999275e+00 
 7.40000000e-02  7.40000000e-02  1.49999255e+00 
 7.50000000e-02  7.50000000e-02  1.49999234e+00 
 7.60000000e-02  7.60000000e-02  1.49999213e+00 
 7.70000000e-02  7.70000000e-02  1.49999190e+00 
 7.80000000e-02  7.80000000e-02  1.49999167e+00 
 7.90000000e-02  7.90000000e-02  1.49999144e+00 
 8.00000000e-02  8.00000000e-02  1.49999119e+00 
 8.10000000e-02  8.10000000e-02  1.49999094e+00 
 8.20000000e-02  8.20000000e-02  1.49999067e+00 
 8.30000000e-02  8.30000000e-02  1.49999040e+00 
 8.40000000e-02  8.40000000e-02  1.49999012e+00 
 8.50000000e-02  8.50000000e-02  1.49998983e+00 
 8.60000000e-02  8.60000000e-02  1.49998953e+00 
 8.70000000e-02  8.70000000e-02  1.49998923e+00 
 8.80000000e-02  8.80000000e-02  1.49998891e+00 
 8.90000000e-02  8.90000000e-02  1.49998858e+00 
 9.00000000e-02  9.00000000e-02  1.49998824e+00 
 9.10000000e-02  9.10000000e-02  1.49998789e+00 
 9.20000000e-02  9.20000000e-02  1.49998752e+00 
 9.30000000e-02  9.30000000e-02  1.49998715e+00 
 9.40000000e-02  9.40000000e-02  1.49998676e+00 
 9.50000000e-02  9.50000000e-02  1.49998636e+00 
 9.60000000e-02  9.60000000e-02  1.49998595e+00 
 9.70000000e-02  9.70000000e-02  1.49998552e+00 
 9.80000000e-02  9.80000000e-02  1.49998508e+00 
 9.90000000e-02  9.90000000e-02  1.49998463e+00 
 1.00000000e-01  1.00000000e-01  1.49998416e+00 
 1.01000000e-01  1.01000000e-01  1.49998367e+00 
 1.02000000e-01  1.02000000e-01  1.49998317e+00 
 1.03000000e-01  1.03000000e-01  1.49998265e+00 
 1.04000000e-01  1.04000000e-01  1.49998212e+00 
 1.05000000e-01  1.05000000e-01  1.49998157e+00 
 1.06000000e-01  1.06000000e-01  1.49998100e+00 
 1.07000000e-01  1.07000000e-01  1.49998041e+00 
 1.08000000e-01  1.08000000e-01  1.49997980e+00 
 1.09000000e-01  1.09000000e-01  1.49997917e+00 
 1.10000000e-01  1.10000000e-01  1.49997852e+00 
 1.11000000e-01  1.11000000e-01  1.49997786e+00 
 1.12000000e-01  1.12000000e-01  1.49997716e+00 
 1.13000000e-01  1.13000000e-01  1.49997645e+00 
 1.14000000e-01  1.14000000e-01  1.49997571e+00 
 1.15000000e-01  1.15000000e-01  1.49997495e+00 
 1.16000000e-01  1.16000000e-01  1.49997417e+00 
 1.17000000e-01  1.17000000e-01  1.49997336e+00 
 1.18000000e-01  1.18000000e-01  1.49997252e+00 
 1.19000000e-01  1.19000000e-01  1.49997166e+00 
 1.20000000e-01  1.20000000e-01  1.49997077e+00 
 1.21000000e-01  1.21000000e-01  1.49996984e+00 
 1.22000000e-01  1.22000000e-01  1.49996889e+00 
 1.23000000e-01  1.23000000e-01  1.49996791e+00 
 1.24000000e-01  1.24000000e-01  1.49996690e+00 
 1.25000000e-01  1.25000000e-01  1.49996585e+00 
 1.26000000e-01  1.26000000e-01  1.49996477e+00 
 1.27000000e-01  1.27000000e-01  1.49996366e+00 
 1.28000000e-01  1.28000000e-01  1.49996251e+00 
 1.29000000e-01  1.29000000e-01  1.49996132e+00 
 1.30000000e-01  1.30000000e-01  1.49996010e+00 
 1.31000000e-01  1.31000000e-01  1.49995883e+00 
 1.32000000e-01  1.32000000e-01  1.49995753e+00 
 1.33000000e-01  1.33000000e-01  1.49995618e+00 
 1.34000000e-01  1.34000000e-01  1.49995479e+00 
 1.35000000e-01  1.35000000e-01  1.49995336e+00 
 1.36000000e-01  1.36000000e-01  1.49995188e+00 
 1.37000000e-01  1.37000000e-01  1.49995035e+00 
 1.38000000e-01  1.38000000e-01  1.49994877e+00 
 1.39000000e-01  1.39000000e-01  1.49994715e+00 
 1.40000000e-01  1.40000000e-01  1.49994547e+00 
 1.41000000e-01  1.41000000e-01  1.49994374e+00 
 1.42000000e-01  1.42000000e-01  1.49994195e+00 
 1.43000000e-01  1.43000000e-01  1.49994011e+00 
 1.44000000e-01  1.44000000e-01  1.49993821e+00 
 1.45000000e-01  1.45000000e-01  1.49993625e+00 
 1.46000000e-01  1.46000000e-01  1.49993423e+00 
 1.47000000e-01  1.47000000e-01  1.49993214e+00 
 1.48000000e-01  1.48000000e-01  1.49992999e+00 
 1.49000000e-01  1.49000000e-01  1.49992778e+00 
 1.50000000e-01  1.50000000e-01  1.49992549e+00 
 1.51000000e-01  1.51000000e-01  1.49992313e+00 
 1.52000000e-01  1.52000000e-01  1.49992070e+00 
 1.53000000e-01  1.53000000e-01  1.49991819e+00 
 1.54000000e-01  1.54000000e-01  1.49991560e+00 
 1.55000000e-01  1.55000000e-01  1.49991294e+00 
 1.56000000e-01  1.56000000e-01  1.49991019e+00 
 1.57000000e-01  1.57000000e-01  1.49990736e+00 
 1.58000000e-01  1.58000000e-01  1.49990444e+00 
 1.59000000e-01  1.59000000e-01  1.49990143e+00 
 1.60000000e-01  1.60000000e-01  1.49989832e+00 
 1.61000000e-01  1.61000000e-01  1.49989513e+00 
 1.62000000e-01  1.62000000e-01  1.49989183e+00 
 1.63000000e-01  1.63000000e-01  1.49988844e+00 
 1.64000000e-01  1.64000000e-01  1.49988494e+00 
 1.65000000e-01  1.65000000e-01  1.49988134e+00 
 1.66000000e-01  1.66000000e-01  1.49987763e+00 
 1.67000000e-01  1.67000000e-01  1.49987380e+00 
 1.68000000e-01  1.68000000e-01  1.49986986e+00 
 1.69000000e-01  1.69000000e-01  1.49986581e+00 
 1.70000000e-01  1.70000000e-01  1.49986163e+00 
 1.71000000e-01  1.71000000e-01  1.49985733e+00 
 1.72000000e-01  1.72000000e-01  1.49985290e+00 
 1.73000000e-01  1.73000000e-01  1.49984834e+00 
 1.74000000e-01  1.74000000e-01  1.49984365e+00 
 1.75000000e-01  1.75000000e-01  1.49983881e+00 
 1.76000000e-01  1.76000000e-01  1.49983384e+00 
 1.77000000e-01  1.77000000e-01  1.49982872e+00 
 1.78000000e-01  1.78000000e-01  1.49982345e+00 
 1.79000000e-01  1.79000000e-01  1.49981804e+00 
 1.80000000e-01  1.80000000e-01  1.49981246e+00 
 1.81000000e-01  1.81000000e-01  1.49980673e+00 
 1.82000000e-01  1.82000000e-01  1.49980083e+00 
 1.83000000e-01  1.83000000e-01  1.49979476e+00 
 1.84000000e-01  1.84000000e-01  1.49978852e+00 
 1.85000000e-01  1.85000000e-01  1.49978210e+00 
 1.86000000e-01  1.86000000e-01  1.49977551e+00 
 1.87000000e-01  1.87000000e-01  1.49976873e+00 
 1.88000000e-01  1.88000000e-01  1.49976176e+00 
 1.89000000e-01  1.89000000e-01  1.49975460e+00 
 1.90000000e-01  1.90000000e-01  1.49974724e+00 
 1.91000000e-01  1.91000000e-01  1.49973968e+00 
 1.92000000e-01  1.92000000e-01  1.49973191e+00 
 1.93000000e-01  1.93000000e-01  1.49972393e+00 
 1.94000000e-01  1.94000000e-01  1.49971574e+00 
 1.95000000e-01  1.95000000e-01  1.49970732e+00 
 1.96000000e-01  1.96000000e-01  1.49969868e+00 
 1.97000000e-01  1.97000000e-01  1.49968982e+00 
 1.98000000e-01  1.98000000e-01  1.49968071e+00 
 1.99000000e-01  1.99000000e-01  1.49967137e+00 
 2.00000000e-01  2.00000000e-01  1.49966178e+00 
 2.01000000e-01  2.01000000e-01  1.49965195e+00 
 2.02000000e-01  2.02000000e-01  1.49964186e+00 
 2.03000000e-01  2.03000000e-01  1.49963151e+00 
 2.04000000e-01  2.04000000e-01  1.49962090e+00 
 2.05000000e-01  2.05000000e-01  1.49961002e+00 
 2.06000000e-01  2.06000000e-01  1.49959887e+00 
 2.07000000e-01  2.07000000e-01  1.49958743e+00 
 2.08000000e-01  2.08000000e-01  1.49957572e+00 
 2.09000000e-01  2.09000000e-01  1.49956371e+00 
 2.10000000e-01  2.10000000e-01  1.49955141e+00 
 2.11000000e-01  2.11000000e-01  1.49953882e+00 
 2.12000000e-01  2.12000000e-01  1.49952591e+00 
 2.13000000e-01  2.13000000e-01  1.49951270e+00 
 2.14000000e-01  2.14000000e-01  1.49949918e+00 
 2.15000000e-01  2.15000000e-01  1.49948533e+00 
 2.16000000e-01  2.16000000e-01  1.49947116e+00 
 2.17000000e-01  2.17000000e-01  1.49945667e+00 
 2.18000000e-01  2.18000000e-01  1.49944183e+00 
 2.19000000e-01  2.19000000e-01  1.49942666e+00 
 2.20000000e-01  2.20000000e-01  1.49941114e+00 
 2.21000000e-01  2.21000000e-01  1.49939528e+00 
 2.22000000e-01  2.22000000e-01  1.49937906e+00 
 2.23000000e-01  2.23000000e-01  1.49936248e+00 
 2.24000000e-01  2.24000000e-01  1.49934553e+00 
 2.25000000e-01  2.25000000e-01  1.49932821e+00 
 2.26000000e-01  2.26000000e-01  1.49931053e+00 
 2.27000000e-01  2.27000000e-01  1.49929246e+00 
 2.28000000e-01  2.28000000e-01  1.49927400e+00 
 2.29000000e-01  2.29000000e-01  1.49925516e+00 
 2.30000000e-01  2.30000000e-01  1.49923592e+00 
 2.31000000e-01  2.31000000e-01  1.49921629e+00 
 2.32000000e-01  2.32000000e-01  1.49919625e+00 
 2.33000000e-01  2.33000000e-01  1.49917580e+00 
 2.34000000e-01  2.34000000e-01  1.49915494e+00 
 2.35000000e-01  2.35000000e-01  1.49913367e+00 
 2.36000000e-01  2.36000000e-01  1.49911197e+00 
 2.37000000e-01  2.37000000e-01  1.49908984e+00 
 2.38000000e-01  2.38000000e-01  1.49906728e+00 
 2.39000000e-01  2.39000000e-01  1.49904429e+00 
 2.40000000e-01  2.40000000e-01  1.49902086e+00 
 2.41000000e-01  2.41000000e-01  1.49899698e+00 
 2.42000000e-01  2.42000000e-01  1.49897265e+00 
 2.43000000e-01  2.43000000e-01  1.49894787e+00 
 2.44000000e-01  2.44000000e-01  1.49892263e+00 
 2.45000000e-01  2.45000000e-01  1.49889693e+00 
 2.46000000e-01  2.46000000e-01  1.49887077e+00 
 2.47000000e-01  2.47000000e-01  1.49884413e+00 
 2.48000000e-01  2.48000000e-01  1.49881702e+00 
 2.49000000e-01  2.49000000e-01  1.49878943e+00 
 2.50000000e-01  2.50000000e-01  1.49876135e+00 
 2.51000000e-01  2.51000000e-01  1.49873279e+00 
 2.52000000e-01  2.52000000e-01  1.49870374e+00 
 2.53000000e-01  2.53000000e-01  1.49867419e+00 
 2.54000000e-01  2.54000000e-01  1.49864415e+00 
 2.55000000e-01  2.55000000e-01  1.49861360e+00 
 2.56000000e-01  2.56000000e-01  1.49858254e+00 
 2.57000000e-01  2.57000000e-01  1.49855097e+00 
 2.58000000e-01  2.58000000e-01  1.49851889e+00 
 2.59000000e-01  2.59000000e-01  1.49848629e+00 
 2.60000000e-01  2.60000000e-01  1.49845316e+00 
 2.61000000e-01  2.61000000e-01  1.49841951e+00 
 2.62000000e-01  2.62000000e-01  1.49838533e+00 
 2.63000000e-01  2.63000000e-01  1.49835061e+00 
 2.64000000e-01  2.64000000e-01  1.49831536e+00 
 2.65000000e-01  2.65000000e-01  1.49827956e+00 
 2.66000000e-01  2.66000000e-01  1.49824322e+00 
 2.67000000e-01  2.67000000e-01  1.49820632e+00 
 2.68000000e-01  2.68000000e-01  1.49816888e+00 
 2.69000000e-01  2.69000000e-01  1.49813087e+00 
 2.70000000e-01  2.70000000e-01  1.49809231e+00 
 2.71000000e-01  2.71000000e-01  1.49805318e+00 
 2.72000000e-01  2.72000000e-01  1.49801348e+00 
 2.73000000e-01  2.73000000e-01  1.49797321e+00 
 2.74000000e-01  2.74000000e-01  1.49793236e+00 
 2.75000000e-01  2.75000000e-01  1.49789094e+00 
 2.76000000e-01  2.76000000e-01  1.49784893e+00 
 2.77000000e-01  2.77000000e-01  1.49780633e+00 
 2.78000000e-01  2.78000000e-01  1.49776314e+00 
 2.79000000e-01  2.79000000e-01  1.49771936e+00 
 2.80000000e-01  2.80000000e-01  1.49767498e+00 
 2.81000000e-01  2.81000000e-01  1.49762999e+00 
 2.82000000e-01  2.82000000e-01  1.49758440e+00 
 2.83000000e-01  2.83000000e-01  1.49753820e+00 
 2.84000000e-01  2.84000000e-01  1.49749139e+00 
 2.85000000e-01  2.85000000e-01  1.49744395e+00 
 2.86000000e-01  2.86000000e-01  1.49739590e+00 
 2.87000000e-01  2.87000000e-01  1.49734722e+00 
 2.88000000e-01  2.88000000e-01  1.49729791e+00 
 2.89000000e-01  2.89000000e-01  1.49724797e+00 
 2.90000000e-01  2.90000000e-01  1.49719739e+00 
 2.91000000e-01  2.91000000e-01  1.49714617e+00 
 2.92000000e-01  2.92000000e-01  1.49709430e+00 
 2.93000000e-01  2.93000000e-01  1.49704179e+00 
 2.94000000e-01  2.94000000e-01  1.49698862e+00 
 2.95000000e-01  2.95000000e-01  1.49693480e+00 
 2.96000000e-01  2.96000000e-01  1.49688032e+00 
 2.97000000e-01  2.97000000e-01  1.49682517e+00 
 2.98000000e-01  2.98000000e-01  1.49676935e+00 
 2.99000000e-01  2.99000000e-01  1.49671286e+00 
 3.00000000e-01  3.00000000e-01  1.49665569e+00 
 3.01000000e-01  3.01000000e-01  1.49659785e+00 
 3.02000000e-01  3.02000000e-01  1.49653932e+00 
 3.03000000e-01  3.03000000e-01  1.49648010e+00 
 3.04000000e-01  3.04000000e-01  1.49642018e+00 
 3.05000000e-01  3.05000000e-01  1.49635957e+00 
 3.06000000e-01  3.06000000e-01  1.49629826e+00 
 3.07000000e-01  3.07000000e-01  1.49623625e+00 
 3.08000000e-01  3.08000000e-01  1.49617352e+00 
 3.09000000e-01  3.09000000e-01  1.49611008e+00 
 3.10000000e-01  3.10000000e-01  1.49604592e+00 
 3.11000000e-01  3.11000000e-01  1.49598104e+00 
 3.12000000e-01  3.12000000e-01  1.49591544e+00 
 3.13000000e-01  3.13000000e-01  1.49584910e+00 
 3.14000000e-01  3.14000000e-01  1.49578203e+00 
 3.15000000e-01  3.15000000e-01  1.49571422e+00 
 3.16000000e-01  3.16000000e-01  1.49564567e+00 
 3.17000000e-01  3.17000000e-01  1.49557637e+00 
 3.18000000e-01  3.18000000e-01  1.49550632e+00 
 3.19000000e-01  3.19000000e-01  1.49543551e+00 
 3.20000000e-01  3.20000000e-01  1.49536394e+00 
 3.21000000e-01  3.21000000e-01  1.49529160e+00 
 3.22000000e-01  3.22000000e-01  1.49521850e+00 
 3.23000000e-01  3.23000000e-01  1.49514462e+00 
 3.24000000e-01  3.24000000e-01  1.49506996e+00 
 3.25000000e-01  3.25000000e-01  1.49499452e+00 
 3.26000000e-01  3.26000000e-01  1.49491829e+00 
 3.27000000e-01  3.27000000e-01  1.49484127e+00 
 3.28000000e-01  3.28000000e-01  1.49476346e+00 
 3.29000000e-01  3.29000000e-01  1.49468484e+00 
 3.30000000e-01  3.30000000e-01  1.49460542e+00 
 3.31000000e-01  3.31000000e-01  1.49452519e+00 
 3.32000000e-01  3.32000000e-01  1.49444414e+00 
 3.33000000e-01  3.33000000e-01  1.49436228e+00 
 3.34000000e-01  3.34000000e-01  1.49427959e+00 
 3.35000000e-01  3.35000000e-01  1.49419607e+00 
 3.36000000e-01  3.36000000e-01  1.49411172e+00 
 3.37000000e-01  3.37000000e-01  1.49402653e+00 
 3.38000000e-01  3.38000000e-01  1.49394049e+00 
 3.39000000e-01  3.39000000e-01  1.49385362e+00 
 3.40000000e-01  3.40000000e-01  1.49376588e+00 
 3.41000000e-01  3.41000000e-01  1.49367730e+00 
 3.42000000e-01  3.42000000e-01  1.49358785e+00 
 3.43000000e-01  3.43000000e-01  1.49349753e+00 
 3.44000000e-01  3.44000000e-01  1.49340634e+00 
 3.45000000e-01  3.45000000e-01  1.49331428e+00 
 3.46000000e-01  3.46000000e-01  1.49322134e+00 
 3.47000000e-01  3.47000000e-01  1.49312751e+00 
 3.48000000e-01  3.48000000e-01  1.49303279e+00 
 3.49000000e-01  3.49000000e-01  1.49293717e+00 
 3.50000000e-01  3.50000000e-01  1.49284066e+00 
 3.51000000e-01  3.51000000e-01  1.49274324e+00 
 3.52000000e-01  3.52000000e-01  1.49264490e+00 
 3.53000000e-01  3.53000000e-01  1.49254566e+00 
 3.54000000e-01  3.54000000e-01  1.49244549e+00 
 3.55000000e-01  3.55000000e-01  1.49234440e+00 
 3.56000000e-01  3.56000000e-01  1.49224238e+00 
 3.57000000e-01  3.57000000e-01  1.49213942e+00 
 3.58000000e-01  3.58000000e-01  1.49203552e+00 
 3.59000000e-01  3.59000000e-01  1.49193068e+00 
 3.60000000e-01  3.60000000e-01  1.49182488e+00 
 3.61000000e-01  3.61000000e-01  1.49171813e+00 
 3.62000000e-01  3.62000000e-01  1.49161042e+00 
 3.63000000e-01  3.63000000e-01  1.49150174e+00 
 3.64000000e-01  3.64000000e-01  1.49139209e+00 
 3.65000000e-01  3.65000000e-01  1.49128147e+00 
 3.66000000e-01  3.66000000e-01  1.49116986e+00 
 3.67000000e-01  3.67000000e-01  1.49105727e+00 
 3.68000000e-01  3.68000000e-01  1.49094368e+00 
 3.69000000e-01  3.69000000e-01  1.49082910e+00 
 3.70000000e-01  3.70000000e-01  1.49071351e+00 
 3.71000000e-01  3.71000000e-01  1.49059691e+00 
 3.72000000e-01  3.72000000e-01  1.49047931e+00 
 3.73000000e-01  3.73000000e-01  1.49036068e+00 
 3.74000000e-01  3.74000000e-01  1.49024102e+00 
 3.75000000e-01  3.75000000e-01  1.49012034e+00 
 3.76000000e-01  3.76000000e-01  1.48999862e+00 
 3.77000000e-01  3.77000000e-01  1.48987586e+00 
 3.78000000e-01  3.78000000e-01  1.48975206e+00 
 3.79000000e-01  3.79000000e-01  1.48962720e+00 
 3.80000000e-01  3.80000000e-01  1.48950128e+00 
 3.81000000e-01  3.81000000e-01  1.48937431e+00 
 3.82000000e-01  3.82000000e-01  1.48924626e+00 
 3.83000000e-01  3.83000000e-01  1.48911714e+00 
 3.84000000e-01  3.84000000e-01  1.48898693e+00 
 3.85000000e-01  3.85000000e-01  1.48885565e+00 
 3.86000000e-01  3.86000000e-01  1.48872327e+00 
 3.87000000e-01  3.87000000e-01  1.48858979e+00 
 3.88000000e-01  3.88000000e-01  1.48845521e+00 
 3.89000000e-01  3.89000000e-01  1.48831952e+00 
 3.90000000e-01  3.90000000e-01  1.48818272e+00 
 3.91000000e-01  3.91000000e-01  1.48804479e+00 
 3.92000000e-01  3.92000000e-01  1.48790574e+00 
 3.93000000e-01  3.93000000e-01  1.48776556e+00 
 3.94000000e-01  3.94000000e-01  1.48762423e+00 
 3.95000000e-01  3.95000000e-01  1.48748177e+00 
 3.96000000e-01  3.96000000e-01  1.48733815e+00 
 3.97000000e-01  3.97000000e-01  1.48719337e+00 
 3.98000000e-01  3.98000000e-01  1.48704744e+00 
 3.99000000e-01  3.99000000e-01  1.48690033e+00 
 4.00000000e-01  4.00000000e-01  1.48675205e+00 
 4.01000000e-01  4.01000000e-01  1.48660259e+00 
 4.02000000e-01  4.02000000e-01  1.48645194e+00 
 4.03000000e-01  4.03000000e-01  1.48630010e+00 
 4.04000000e-01  4.04000000e-01  1.48614706e+00 
 4.05000000e-01  4.05000000e-01  1.48599281e+00 
 4.06000000e-01  4.06000000e-01  1.48583735e+00 
 4.07000000e-01  4.07000000e-01  1.48568067e+00 
 4.08000000e-01  4.08000000e-01  1.48552276e+00 
 4.09000000e-01  4.09000000e-01  1.48536363e+00 
 4.10000000e-01  4.10000000e-01  1.48520325e+00 
 4.11000000e-01  4.11000000e-01  1.48504163e+00 
 4.12000000e-01  4.12000000e-01  1.48487876e+00 
 4.13000000e-01  4.13000000e-01  1.48471463e+00 
 4.14000000e-01  4.14000000e-01  1.48454923e+00 
 4.15000000e-01  4.15000000e-01  1.48438257e+00 
 4.16000000e-01  4.16000000e-01  1.48421462e+00 
 4.17000000e-01  4.17000000e-01  1.48404539e+00 
 4.18000000e-01  4.18000000e-01  1.48387487e+00 
 4.19000000e-01  4.19000000e-01  1.48370305e+00 
 4.20000000e-01  4.20000000e-01  1.48352992e+00 
 4.21000000e-01  4.21000000e-01  1.48335548e+00 
 4.22000000e-01  4.22000000e-01  1.48317972e+00 
 4.23000000e-01  4.23000000e-01  1.48300264e+00 
 4.24000000e-01  4.24000000e-01  1.48282422e+00 
 4.25000000e-01  4.25000000e-01  1.48264446e+00 
 4.26000000e-01  4.26000000e-01  1.48246335e+00 
 4.27000000e-01  4.27000000e-01  1.48228089e+00 
 4.28000000e-01  4.28000000e-01  1.48209706e+00 
 4.29000000e-01  4.29000000e-01  1.48191186e+00 
 4.30000000e-01  4.30000000e-01  1.48172529e+00 
 4.31000000e-01  4.31000000e-01  1.48153733e+00 
 4.32000000e-01  4.32000000e-01  1.48134798e+00 
 4.33000000e-01  4.33000000e-01  1.48115723e+00 
 4.34000000e-01  4.34000000e-01  1.48096507e+00 
 4.35000000e-01  4.35000000e-01  1.48077149e+00 
 4.36000000e-01  4.36000000e-01  1.48057650e+00 
 4.37000000e-01  4.37000000e-01  1.48038007e+00 
 4.38000000e-01  4.38000000e-01  1.48018220e+00 
 4.39000000e-01  4.39000000e-01  1.47998289e+00 
 4.40000000e-01  4.40000000e-01  1.47978212e+00 
 4.41000000e-01  4.41000000e-01  1.47957989e+00 
 4.42000000e-01  4.42000000e-01  1.47937620e+00 
 4.43000000e-01  4.43000000e-01  1.47917102e+00 
 4.44000000e-01  4.44000000e-01  1.47896435e+00 
 4.45000000e-01  4.45000000e-01  1.47875619e+00 
 4.46000000e-01  4.46000000e-01  1.47854653e+00 
 4.47000000e-01  4.47000000e-01  1.47833536e+00 
 4.48000000e-01  4.48000000e-01  1.47812266e+00 
 4.49000000e-01  4.49000000e-01  1.47790844e+00 
 4.50000000e-01  4.50000000e-01  1.47769268e+00 
 4.51000000e-01  4.51000000e-01  1.47747537e+00 
 4.52000000e-01  4.52000000e-01  1.47725651e+00 
 4.53000000e-01  4.53000000e-01  1.47703609e+00 
 4.54000000e-01  4.54000000e-01  1.47681410e+00 
 4.55000000e-01  4.55000000e-01  1.47659052e+00 
 4.56000000e-01  4.56000000e-01  1.47636535e+00 
 4.57000000e-01  4.57000000e-01  1.47613859e+00 
 4.58000000e-01  4.58000000e-01  1.47591022e+00 
 4.59000000e-01  4.59000000e-01  1.47568023e+00 
 4.60000000e-01  4.60000000e-01  1.47544861e+00 
 4.61000000e-01  4.61000000e-01  1.47521536e+00 
 4.62000000e-01  4.62000000e-01  1.47498046e+00 
 4.63000000e-01  4.63000000e-01  1.47474390e+00 
 4.64000000e-01  4.64000000e-01  1.47450568e+00 
 4.65000000e-01  4.65000000e-01  1.47426579e+00 
 4.66000000e-01  4.66000000e-01  1.47402421e+00 
 4.67000000e-01  4.67000000e-01  1.47378094e+00 
 4.68000000e-01  4.68000000e-01  1.47353597e+00 
 4.69000000e-01  4.69000000e-01  1.47328928e+00 
 4.70000000e-01  4.70000000e-01  1.47304087e+00 
 4.71000000e-01  4.71000000e-01  1.47279072e+00 
 4.72000000e-01  4.72000000e-01  1.47253883e+00 
 4.73000000e-01  4.73000000e-01  1.47228518e+00 
 4.74000000e-01  4.74000000e-01  1.47202977e+00 
 4.75000000e-01  4.75000000e-01  1.47177258e+00 
 4.76000000e-01  4.76000000e-01  1.47151360e+00 
 4.77000000e-01  4.77000000e-01  1.47125283e+00 
 4.78000000e-01  4.78000000e-01  1.47099024e+00 
 4.79000000e-01  4.79000000e-01  1.47072584e+00 
 4.80000000e-01  4.80000000e-01  1.47045961e+00 
 4.81000000e-01  4.81000000e-01  1.47019153e+00 
 4.82000000e-01  4.82000000e-01  1.46992160e+00 
 4.83000000e-01  4.83000000e-01  1.46964981e+00 
 4.84000000e-01  4.84000000e-01  1.46937614e+00 
 4.85000000e-01  4.85000000e-01  1.46910058e+00 
 4.86000000e-01  4.86000000e-01  1.46882312e+00 
 4.87000000e-01  4.87000000e-01  1.46854375e+00 
 4.88000000e-01  4.88000000e-01  1.46826246e+00 
 4.89000000e-01  4.89000000e-01  1.46797923e+00 
 4.90000000e-01  4.90000000e-01  1.46769405e+00 
 4.91000000e-01  4.91000000e-01  1.46740691e+00 
 4.92000000e-01  4.92000000e-01  1.46711779e+00 
 4.93000000e-01  4.93000000e-01  1.46682670e+00 
 4.94000000e-01  4.94000000e-01  1.46653360e+00 
 4.95000000e-01  4.95000000e-01  1.46623849e+00 
 4.96000000e-01  4.96000000e-01  1.46594136e+00 
 4.97000000e-01  4.97000000e-01  1.46564218e+00 
 4.98000000e-01  4.98000000e-01  1.46534096e+00 
 4.99000000e-01  4.99000000e-01  1.46503767e+00 
 5.00000000e-01  5.00000000e-01  1.46473231e+00 
 5.01000000e-01  5.01000000e-01  1.46442485e+00 
 5.02000000e-01  5.02000000e-01  1.46411529e+00 
 5.03000000e-01  5.03000000e-01  1.46380360e+00 
 5.04000000e-01  5.04000000e-01  1.46348979e+00 
 5.05000000e-01  5.05000000e-01  1.46317382e+00 
 5.06000000e-01  5.06000000e-01  1.46285569e+00 
 5.07000000e-01  5.07000000e-01  1.46253538e+00 
 5.08000000e-01  5.08000000e-01  1.46221288e+00 
 5.09000000e-01  5.09000000e-01  1.46188817e+00 
 5.10000000e-01  5.10000000e-01  1.46156124e+00 
 5.11000000e-01  5.11000000e-01  1.46123207e+00 
 5.12000000e-01  5.12000000e-01  1.46090065e+00 
 5.13000000e-01  5.13000000e-01  1.46056696e+00 
 5.14000000e-01  5.14000000e-01  1.46023098e+00 
 5.15000000e-01  5.15000000e-01  1.45989270e+00 
 5.16000000e-01  5.16000000e-01  1.45955210e+00 
 5.17000000e-01  5.17000000e-01  1.45920917e+00 
 5.18000000e-01  5.18000000e-01  1.45886389e+00 
 5.19000000e-01  5.19000000e-01  1.45851624e+00 
 5.20000000e-01  5.20000000e-01  1.45816620e+00 
 5.21000000e-01  5.21000000e-01  1.45781376e+00 
 5.22000000e-01  5.22000000e-01  1.45745891e+00 
 5.23000000e-01  5.23000000e-01  1.45710161e+00 
 5.24000000e-01  5.24000000e-01  1.45674186e+00 
 5.25000000e-01  5.25000000e-01  1.45637964e+00 
 5.26000000e-01  5.26000000e-01  1.45601492e+00 
 5.27000000e-01  5.27000000e-01  1.45564769e+00 
 5.28000000e-01  5.28000000e-01  1.45527794e+00 
 5.29000000e-01  5.29000000e-01  1.45490564e+00 
 5.30000000e-01  5.30000000e-01  1.45453077e+00 
 5.31000000e-01  5.31000000e-01  1.45415331e+00 
 5.32000000e-01  5.32000000e-01  1.45377324e+00 
 5.33000000e-01  5.33000000e-01  1.45339055e+00 
 5.34000000e-01  5.34000000e-01  1.45300521e+00 
 5.35000000e-01  5.35000000e-01  1.45261721e+00 
 5.36000000e-01  5.36000000e-01  1.45222651e+00 
 5.37000000e-01  5.37000000e-01  1.45183311e+00 
 5.38000000e-01  5.38000000e-01  1.45143697e+00 
 5.39000000e-01  5.39000000e-01  1.45103808e+00 
 5.40000000e-01  5.40000000e-01  1.45063642e+00 
 5.41000000e-01  5.41000000e-01  1.45023196e+00 
 5.42000000e-01  5.42000000e-01  1.44982468e+00 
 5.43000000e-01  5.43000000e-01  1.44941456e+00 
 5.44000000e-01  5.44000000e-01  1.44900157e+00 
 5.45000000e-01  5.45000000e-01  1.44858569e+00 
 5.46000000e-01  5.46000000e-01  1.44816690e+00 
 5.47000000e-01  5.47000000e-01  1.44774518e+00 
 5.48000000e-01  5.48000000e-01  1.44732049e+00 
 5.49000000e-01  5.49000000e-01  1.44689282e+00 
 5.50000000e-01  5.50000000e-01  1.44646213e+00 
 5.51000000e-01  5.51000000e-01  1.44602841e+00 
 5.52000000e-01  5.52000000e-01  1.44559162e+00 
 5.53000000e-01  5.53000000e-01  1.44515175e+00 
 5.54000000e-01  5.54000000e-01  1.44470876e+00 
 5.55000000e-01  5.55000000e-01  1.44426262e+00 
 5.56000000e-01  5.56000000e-01  1.44381332e+00 
 5.57000000e-01  5.57000000e-01  1.44336082e+00 
 5.58000000e-01  5.58000000e-01  1.44290509e+00 
 5.59000000e-01  5.59000000e-01  1.44244611e+00 
 5.60000000e-01  5.60000000e-01  1.44198384e+00 
 5.61000000e-01  5.61000000e-01  1.44151826e+00 
 5.62000000e-01  5.62000000e-01  1.44104934e+00 
 5.63000000e-01  5.63000000e-01  1.44057704e+00 
 5.64000000e-01  5.64000000e-01  1.44010133e+00 
 5.65000000e-01  5.65000000e-01  1.43962219e+00 
 5.66000000e-01  5.66000000e-01  1.43913959e+00 
 5.67000000e-01  5.67000000e-01  1.43865348e+00 
 5.68000000e-01  5.68000000e-01  1.43816384e+00 
 5.69000000e-01  5.69000000e-01  1.43767063e+00 
 5.70000000e-01  5.70000000e-01  1.43717382e+00 
 5.71000000e-01  5.71000000e-01  1.43667337e+00 
 5.72000000e-01  5.72000000e-01  1.43616926e+00 
 5.73000000e-01  5.73000000e-01  1.43566143e+00 
 5.74000000e-01  5.74000000e-01  1.43514987e+00 
 5.75000000e-01  5.75000000e-01  1.43463453e+00 
 5.76000000e-01  5.76000000e-01  1.43411537e+00 
 5.77000000e-01  5.77000000e-01  1.43359236e+00 
 5.78000000e-01  5.78000000e-01  1.43306545e+00 
 5.79000000e-01  5.79000000e-01  1.43253461e+00 
 5.80000000e-01  5.80000000e-01  1.43199980e+00 
 5.81000000e-01  5.81000000e-01  1.43146098e+00 
 5.82000000e-01  5.82000000e-01  1.43091810e+00 
 5.83000000e-01  5.83000000e-01  1.43037112e+00 
 5.84000000e-01  5.84000000e-01  1.42982001e+00 
 5.85000000e-01  5.85000000e-01  1.42926472e+00 
 5.86000000e-01  5.86000000e-01  1.42870519e+00 
 5.87000000e-01  5.87000000e-01  1.42814140e+00 
 5.88000000e-01  5.88000000e-01  1.42757329e+00 
 5.89000000e-01  5.89000000e-01  1.42700081e+00 
 5.90000000e-01  5.90000000e-01  1.42642392e+00 
 5.91000000e-01  5.91000000e-01  1.42584257e+00 
 5.92000000e-01  5.92000000e-01  1.42525671e+00 
 5.93000000e-01  5.93000000e-01  1.42466629e+00 
 5.94000000e-01  5.94000000e-01  1.42407125e+00 
 5.95000000e-01  5.95000000e-01  1.42347156e+00 
 5.96000000e-01  5.96000000e-01  1.42286714e+00 
 5.97000000e-01  5.97000000e-01  1.42225796e+00 
 5.98000000e-01  5.98000000e-01  1.42164395e+00 
 5.99000000e-01  5.99000000e-01  1.42102506e+00 
 6.00000000e-01  6.00000000e-01  1.42040122e+00 
 6.01000000e-01  6.01000000e-01  1.41977239e+00 
 6.02000000e-01  6.02000000e-01  1.41913850e+00 
 6.03000000e-01  6.03000000e-01  1.41849949e+00 
 6.04000000e-01  6.04000000e-01  1.41785530e+00 
 6.05000000e-01  6.05000000e-01  1.41720587e+00 
 6.06000000e-01  6.06000000e-01  1.41655112e+00 
 6.07000000e-01  6.07000000e-01  1.41589101e+00 
 6.08000000e-01  6.08000000e-01  1.41522544e+00 
 6.09000000e-01  6.09000000e-01  1.41455437e+00 
 6.10000000e-01  6.10000000e-01  1.41387772e+00 
 6.11000000e-01  6.11000000e-01  1.41319541e+00 
 6.12000000e-01  6.12000000e-01  1.41250737e+00 
 6.13000000e-01  6.13000000e-01  1.41181354e+00 
 6.14000000e-01  6.14000000e-01  1.41111382e+00 
 6.15000000e-01  6.15000000e-01  1.41040815e+00 
 6.16000000e-01  6.16000000e-01  1.40969645e+00 
 6.17000000e-01  6.17000000e-01  1.40897862e+00 
 6.18000000e-01  6.18000000e-01  1.40825460e+00 
 6.19000000e-01  6.19000000e-01  1.40752428e+00 
 6.20000000e-01  6.20000000e-01  1.40678760e+00 
 6.21000000e-01  6.21000000e-01  1.40604445e+00 
 6.22000000e-01  6.22000000e-01  1.40529474e+00 
 6.23000000e-01  6.23000000e-01  1.40453838e+00 
 6.24000000e-01  6.24000000e-01  1.40377528e+00 
 6.25000000e-01  6.25000000e-01  1.40300534e+00 
 6.26000000e-01  6.26000000e-01  1.40222845e+00 
 6.27000000e-01  6.27000000e-01  1.40144451e+00 
 6.28000000e-01  6.28000000e-01  1.40065342e+00 
 6.29000000e-01  6.29000000e-01  1.39985507e+00 
 6.30000000e-01  6.30000000e-01  1.39904935e+00 
 6.31000000e-01  6.31000000e-01  1.39823614e+00 
 6.32000000e-01  6.32000000e-01  1.39741533e+00 
 6.33000000e-01  6.33000000e-01  1.39658679e+00 
 6.34000000e-01  6.34000000e-01  1.39575040e+00 
 6.35000000e-01  6.35000000e-01  1.39490605e+00 
 6.36000000e-01  6.36000000e-01  1.39405358e+00 
 6.37000000e-01  6.37000000e-01  1.39319289e+00 
 6.38000000e-01  6.38000000e-01  1.39232382e+00 
 6.39000000e-01  6.39000000e-01  1.39144623e+00 
 6.40000000e-01  6.40000000e-01  1.39055998e+00 
 6.41000000e-01  6.41000000e-01  1.38966493e+00 
 6.42000000e-01  6.42000000e-01  1.38876091e+00 
 6.43000000e-01  6.43000000e-01  1.38784778e+00 
 6.44000000e-01  6.44000000e-01  1.38692536e+00 
 6.45000000e-01  6.45000000e-01  1.38599349e+00 
 6.46000000e-01  6.46000000e-01  1.38505201e+00 
 6.47000000e-01  6.47000000e-01  1.38410072e+00 
 6.48000000e-01  6.48000000e-01  1.38313945e+00 
 6.49000000e-01  6.49000000e-01  1.38216801e+00 
 6.50000000e-01  6.50000000e-01  1.38118621e+00 
 6.51000000e-01  6.51000000e-01  1.38019384e+00 
 6.52000000e-01  6.52000000e-01  1.37919069e+00 
 6.53000000e-01  6.53000000e-01  1.37817656e+00 
 6.54000000e-01  6.54000000e-01  1.37715121e+00 
 6.55000000e-01  6.55000000e-01  1.37611443e+00 
 6.56000000e-01  6.56000000e-01  1.37506597e+00 
 6.57000000e-01  6.57000000e-01  1.37400559e+00 
 6.58000000e-01  6.58000000e-01  1.37293304e+00 
 6.59000000e-01  6.59000000e-01  1.37184805e+00 
 6.60000000e-01  6.60000000e-01  1.37075035e+00 
 6.61000000e-01  6.61000000e-01  1.36963966e+00 
 6.62000000e-01  6.62000000e-01  1.36851568e+00 
 6.63000000e-01  6.63000000e-01  1.36737812e+00 
 6.64000000e-01  6.64000000e-01  1.36622665e+00 
 6.65000000e-01  6.65000000e-01  1.36506095e+00 
 6.66000000e-01  6.66000000e-01  1.36388068e+00 
 6.67000000e-01  6.67000000e-01  1.36268547e+00 
 6.68000000e-01  6.68000000e-01  1.36147498e+00 
 6.69000000e-01  6.69000000e-01  1.36024880e+00 
 6.70000000e-01  6.70000000e-01  1.35900654e+00 
 6.71000000e-01  6.71000000e-01  1.35774778e+00 
 6.72000000e-01  6.72000000e-01  1.35647209e+00 
 6.73000000e-01  6.73000000e-01  1.35517901e+00 
 6.74000000e-01  6.74000000e-01  1.35386806e+00 
 6.75000000e-01  6.75000000e-01  1.35253875e+00 
 6.76000000e-01  6.76000000e-01  1.35119055e+00 
 6.77000000e-01  6.77000000e-01  1.34982292e+00 
 6.78000000e-01  6.78000000e-01  1.34843529e+00 
 6.79000000e-01  6.79000000e-01  1.34702705e+00 
 6.80000000e-01  6.80000000e-01  1.34559759e+00 
 6.81000000e-01  6.81000000e-01  1.34414622e+00 
 6.82000000e-01  6.82000000e-01  1.34267226e+00 
 6.83000000e-01  6.83000000e-01  1.34117497e+00 
 6.84000000e-01  6.84000000e-01  1.33965357e+00 
 6.85000000e-01  6.85000000e-01  1.33810725e+00 
 6.86000000e-01  6.86000000e-01  1.33653515e+00 
 6.87000000e-01  6.87000000e-01  1.33493634e+00 
 6.88000000e-01  6.88000000e-01  1.33330985e+00 
 6.89000000e-01  6.89000000e-01  1.33165468e+00 
 6.90000000e-01  6.90000000e-01  1.32996971e+00 
 6.91000000e-01  6.91000000e-01  1.32825379e+00 
 6.92000000e-01  6.92000000e-01  1.32650568e+00 
 6.93000000e-01  6.93000000e-01  1.32472407e+00 
 6.94000000e-01  6.94000000e-01  1.32290756e+00 
 6.95000000e-01  6.95000000e-01  1.32105462e+00 
 6.96000000e-01  6.96000000e-01  1.31916366e+00 
 6.97000000e-01  6.97000000e-01  1.31723295e+00 
 6.98000000e-01  6.98000000e-01  1.31526061e+00 
 6.99000000e-01  6.99000000e-01  1.31324465e+00 
 7.00000000e-01  7.00000000e-01  1.31118290e+00 
 7.01000000e-01  7.01000000e-01  1.30907303e+00 
 7.02000000e-01  7.02000000e-01  1.30691249e+00 
 7.03000000e-01  7.03000000e-01  1.30469853e+00 
 7.04000000e-01  7.04000000e-01  1.30242814e+00 
 7.05000000e-01  7.05000000e-01  1.30009806e+00 
 7.06000000e-01  7.06000000e-01  1.29770468e+00 
 7.07000000e-01  7.07000000e-01  1.29524407e+00 
 7.08000000e-01  7.08000000e-01  1.29271189e+00 
 7.09000000e-01  7.09000000e-01  1.29010335e+00 
 7.10000000e-01  7.10000000e-01  1.28741312e+00 
 7.11000000e-01  7.11000000e-01  1.28463531e+00 
 7.12000000e-01  7.12000000e-01  1.28176331e+00 
 7.13000000e-01  7.13000000e-01  1.27878972e+00 
 7.14000000e-01  7.14000000e-01  1.27570620e+00 
 7.15000000e-01  7.15000000e-01  1.27250334e+00 
 7.16000000e-01  7.16000000e-01  1.26917040e+00 
 7.17000000e-01  7.17000000e-01  1.26569515e+00 
 7.18000000e-01  7.18000000e-01  1.26206350e+00 
 7.19000000e-01  7.19000000e-01  1.25825916e+00 
 7.20000000e-01  7.20000000e-01  1.25426317e+00 
 7.21000000e-01  7.21000000e-01  1.25005330e+00 
 7.22000000e-01  7.22000000e-01  1.24560327e+00 
 7.23000000e-01  7.23000000e-01  1.24088175e+00 
 7.24000000e-01  7.24000000e-01  1.23585108e+00 
 7.25000000e-01  7.25000000e-01  1.23046552e+00 
 7.26000000e-01  7.26000000e-01  1.22466892e+00 
 7.27000000e-01  7.27000000e-01  1.21839160e+00 
 7.28000000e-01  7.28000000e-01  1.21154597e+00 
 7.29000000e-01  7.29000000e-01  1.20402061e+00 
 7.30000000e-01  7.30000000e-01  1.19567192e+00 
 7.31000000e-01  7.31000000e-01  1.18631249e+00 
 7.32000000e-01  7.32000000e-01  1.17569519e+00 
 7.33000000e-01  7.33000000e-01  1.16349183e+00 
 7.34000000e-01  7.34000000e-01  1.14799375e+00 
 7.35000000e-01  7.35000000e-01  1.13080742e+00 
 7.36000000e-01  7.36000000e-01  1.11025535e+00 
 7.37000000e-01  7.37000000e-01  1.08560272e+00 
 7.38000000e-01  7.38000000e-01  1.05626133e+00 
 7.39000000e-01  7.39000000e-01  1.02202826e+00 
 7.40000000e-01  7.40000000e-01  9.83230854e-01 
 7.41000000e-01  7.41000000e-01  9.40656927e-01 
 7.42000000e-01  7.42000000e-01  8.95335795e-01 
 7.43000000e-01  7.43000000e-01  8.48999502e-01 
 7.44000000e-01  7.44000000e-01  8.00812506e-01 
 7.45000000e-01  7.45000000e-01  7.52768423e-01 
 7.46000000e-01  7.46000000e-01  7.05579817e-01 
 7.47000000e-01  7.47000000e-01  6.60558201e-01 
 7.48000000e-01  7.48000000e-01  6.16914443e-01 
 7.49000000e-01  7.49000000e-01  5.75623243e-01 
 7.50000000e-01  7.50000000e-01  5.37177866e-01 
 7.51000000e-01  7.51000000e-01  5.02090066e-01 
 7.52000000e-01  7.52000000e-01  4.70830367e-01 
 7.53000000e-01  7.53000000e-01  4.43677101e-01 
 7.54000000e-01  7.54000000e-01  4.20562240e-01 
 7.55000000e-01  7.55000000e-01  4.01070196e-01 
 7.56000000e-01  7.56000000e-01  3.84600435e-01 
 7.57000000e-01  7.57000000e-01  3.70546543e-01 
 7.58000000e-01  7.58000000e-01  3.58391775e-01 
 7.59000000e-01  7.59000000e-01  3.47729976e-01 
 7.60000000e-01  7.60000000e-01  3.38252441e-01 
 7.61000000e-01  7.61000000e-01  3.29726591e-01 
 7.62000000e-01  7.62000000e-01  3.21976530e-01 
 7.63000000e-01  7.63000000e-01  3.14567139e-01 
 7.64000000e-01  7.64000000e-01  3.08064013e-01 
 7.65000000e-01  7.65000000e-01  3.01980292e-01 
 7.66000000e-01  7.66000000e-01  2.96283300e-01 
 7.67000000e-01  7.67000000e-01  2.90920423e-01 
 7.68000000e-01  7.68000000e-01  2.85850427e-01 
 7.69000000e-01  7.69000000e-01  2.81039164e-01 
 7.70000000e-01  7.70000000e-01  2.76458159e-01 
 7.71000000e-01  7.71000000e-01  2.72083447e-01 
 7.72000000e-01  7.72000000e-01  2.67894679e-01 
 7.73000000e-01  7.73000000e-01  2.63874450e-01 
 7.74000000e-01  7.74000000e-01  2.60007754e-01 
 7.75000000e-01  7.75000000e-01  2.56281577e-01 
 7.76000000e-01  7.76000000e-01  2.52684554e-01 
 7.77000000e-01  7.77000000e-01  2.49206709e-01 
 7.78000000e-01  7.78000000e-01  2.45839234e-01 
 7.79000000e-01  7.79000000e-01  2.42574315e-01 
 7.80000000e-01  7.80000000e-01  2.39404990e-01 
 7.81000000e-01  7.81000000e-01  2.36325025e-01 
 7.82000000e-01  7.82000000e-01  2.33328818e-01 
 7.83000000e-01  7.83000000e-01  2.30449163e-01 
 7.84000000e-01  7.84000000e-01  2.27567199e-01 
 7.85000000e-01  7.85000000e-01  2.24794547e-01 
 7.86000000e-01  7.86000000e-01  2.22087308e-01 
 7.87000000e-01  7.87000000e-01  2.19473122e-01 
 7.88000000e-01  7.88000000e-01  2.16886657e-01 
 7.89000000e-01  7.89000000e-01  2.14356932e-01 
 7.90000000e-01  7.90000000e-01  2.11854664e-01 
 7.91000000e-01  7.91000000e-01  2.09432150e-01 
 7.92000000e-01  7.92000000e-01  2.07058344e-01 
 7.93000000e-01  7.93000000e-01  2.04731564e-01 
 7.94000000e-01  7.94000000e-01  2.02471732e-01 
 7.95000000e-01  7.95000000e-01  2.00232291e-01 
 7.96000000e-01  7.96000000e-01  1.98013889e-01 
 7.97000000e-01  7.97000000e-01  1.95856924e-01 
 7.98000000e-01  7.98000000e-01  1.93738016e-01 
 7.99000000e-01  7.99000000e-01  1.91656037e-01 
 8.00000000e-01  8.00000000e-01  1.89609650e-01 
 8.01000000e-01  8.01000000e-01  1.87597605e-01 
 8.02000000e-01  8.02000000e-01  1.85618721e-01 
 8.03000000e-01  8.03000000e-01  1.83671884e-01 
 8.04000000e-01  8.04000000e-01  1.81756044e-01 
 8.05000000e-01  8.05000000e-01  1.79870205e-01 
 8.06000000e-01  8.06000000e-01  1.78013424e-01 
 8.07000000e-01  8.07000000e-01  1.76184809e-01 
 8.08000000e-01  8.08000000e-01  1.74383511e-01 
 8.09000000e-01  8.09000000e-01  1.72608724e-01 
 8.10000000e-01  8.10000000e-01  1.70859681e-01 
 8.11000000e-01  8.11000000e-01  1.69135652e-01 
 8.12000000e-01  8.12000000e-01  1.67435942e-01 
 8.13000000e-01  8.13000000e-01  1.65759887e-01 
 8.14000000e-01  8.14000000e-01  1.64106853e-01 
 8.15000000e-01  8.15000000e-01  1.62476234e-01 
 8.16000000e-01  8.16000000e-01  1.60867452e-01 
 8.17000000e-01  8.17000000e-01  1.59279952e-01 
 8.18000000e-01  8.18000000e-01  1.57713202e-01 
 8.19000000e-01  8.19000000e-01  1.56166694e-01 
 8.20000000e-01  8.20000000e-01  1.54639940e-01 
 8.21000000e-01  8.21000000e-01  1.53132470e-01 
 8.22000000e-01  8.22000000e-01  1.51643835e-01 
 8.23000000e-01  8.23000000e-01  1.50173601e-01 
 8.24000000e-01  8.24000000e-01  1.48721352e-01 
 8.25000000e-01  8.25000000e-01  1.47286689e-01 
 8.26000000e-01  8.26000000e-01  1.45869224e-01 
 8.27000000e-01  8.27000000e-01  1.44468586e-01 
 8.28000000e-01  8.28000000e-01  1.43084417e-01 
 8.29000000e-01  8.29000000e-01  1.41716372e-01 
 8.30000000e-01  8.30000000e-01  1.40364115e-01 
 8.31000000e-01  8.31000000e-01  1.39027327e-01 
 8.32000000e-01  8.32000000e-01  1.37705694e-01 
 8.33000000e-01  8.33000000e-01  1.36398917e-01 
 8.34000000e-01  8.34000000e-01  1.35106705e-01 
 8.35000000e-01  8.35000000e-01  1.33828776e-01 
 8.36000000e-01  8.36000000e-01  1.32564859e-01 
 8.37000000e-01  8.37000000e-01  1.31314689e-01 
 8.38000000e-01  8.38000000e-01  1.30078012e-01 
 8.39000000e-01  8.39000000e-01  1.28854580e-01 
 8.40000000e-01  8.40000000e-01  1.27644152e-01 
 8.41000000e-01  8.41000000e-01  1.26446498e-01 
 8.42000000e-01  8.42000000e-01  1.25261390e-01 
 8.43000000e-01  8.43000000e-01  1.24088611e-01 
 8.44000000e-01  8.44000000e-01  1.22927946e-01 
 8.45000000e-01  8.45000000e-01  1.21779191e-01 
 8.46000000e-01  8.46000000e-01  1.20642145e-01 
 8.47000000e-01  8.47000000e-01  1.19516611e-01 
 8.48000000e-01  8.48000000e-01  1.18402402e-01 
 8.49000000e-01  8.49000000e-01  1.17299333e-01 
 8.50000000e-01  8.50000000e-01  1.16207225e-01 
 8.51000000e-01  8.51000000e-01  1.15125903e-01 
 8.52000000e-01  8.52000000e-01  1.14055197e-01 
 8.53000000e-01  8.53000000e-01  1.12994943e-01 
 8.54000000e-01  8.54000000e-01  1.11944979e-01 
 8.55000000e-01  8.55000000e-01  1.10905149e-01 
 8.56000000e-01  8.56000000e-01  1.09875300e-01 
 8.57000000e-01  8.57000000e-01  1.08855282e-01 
 8.58000000e-01  8.58000000e-01  1.07844952e-01 
 8.59000000e-01  8.59000000e-01  1.06844167e-01 
 8.60000000e-01  8.60000000e-01  1.05852790e-01 
 8.61000000e-01  8.61000000e-01  1.04870685e-01 
 8.62000000e-01  8.62000000e-01  1.03897722e-01 
 8.63000000e-01  8.63000000e-01  1.02933771e-01 
 8.64000000e-01  8.64000000e-01  1.01978709e-01 
 8.65000000e-01  8.65000000e-01  1.01032412e-01 
 8.66000000e-01  8.66000000e-01  1.00094761e-01 
 8.67000000e-01  8.67000000e-01  9.91656391e-02 
 8.68000000e-01  8.68000000e-01  9.82449328e-02 
 8.69000000e-01  8.69000000e-01  9.73325305e-02 
 8.70000000e-01  8.70000000e-01  9.64283231e-02 
 8.71000000e-01  8.71000000e-01  9.55322042e-02 
 8.72000000e-01  8.72000000e-01  9.46440696e-02 
 8.73000000e-01  8.73000000e-01  9.37638175e-02 
 8.74000000e-01  8.74000000e-01  9.28913480e-02 
 8.75000000e-01  8.75000000e-01  9.20265638e-02 
 8.76000000e-01  8.76000000e-01  9.11693693e-02 
 8.77000000e-01  8.77000000e-01  9.03196711e-02 
 8.78000000e-01  8.78000000e-01  8.94773778e-02 
 8.79000000e-01  8.79000000e-01  8.86423998e-02 
 8.80000000e-01  8.80000000e-01  8.78146493e-02 
 8.81000000e-01  8.81000000e-01  8.69940404e-02 
 8.82000000e-01  8.82000000e-01  8.61804890e-02 
 8.83000000e-01  8.83000000e-01  8.53739125e-02 
 8.84000000e-01  8.84000000e-01  8.45742302e-02 
 8.85000000e-01  8.85000000e-01  8.37813627e-02 
 8.86000000e-01  8.86000000e-01  8.29952325e-02 
 8.87000000e-01  8.87000000e-01  8.22157634e-02 
 8.88000000e-01  8.88000000e-01  8.14428806e-02 
 8.89000000e-01  8.89000000e-01  8.06765109e-02 
 8.90000000e-01  8.90000000e-01  7.99165826e-02 
 8.91000000e-01  8.91000000e-01  7.91630251e-02 
 8.92000000e-01  8.92000000e-01  7.84157692e-02 
 8.93000000e-01  8.93000000e-01  7.76747472e-02 
 8.94000000e-01  8.94000000e-01  7.69398923e-02 
 8.95000000e-01  8.95000000e-01  7.62111392e-02 
 8.96000000e-01  8.96000000e-01  7.54884237e-02 
 8.97000000e-01  8.97000000e-01  7.47716828e-02 
 8.98000000e-01  8.98000000e-01  7.40608547e-02 
 8.99000000e-01  8.99000000e-01  7.33558784e-02 
 9.00000000e-01  9.00000000e-01  7.26566944e-02 
 9.01000000e-01  9.01000000e-01  7.19632439e-02 
 9.02000000e-01  9.02000000e-01  7.12754694e-02 
 9.03000000e-01  9.03000000e-01  7.05933141e-02 
 9.04000000e-01  9.04000000e-01  6.99167226e-02 
 9.05000000e-01  9.05000000e-01  6.92456400e-02 
 9.06000000e-01  9.06000000e-01  6.85800127e-02 
 9.07000000e-01  9.07000000e-01  6.79197877e-02 
 9.08000000e-01  9.08000000e-01  6.72649132e-02 
 9.09000000e-01  9.09000000e-01  6.66153379e-02 
 9.10000000e-01  9.10000000e-01  6.59710117e-02 
 9.11000000e-01  9.11000000e-01  6.53318852e-02 
 9.12000000e-01  9.12000000e-01  6.46979096e-02 
 9.13000000e-01  9.13000000e-01  6.40690373e-02 
 9.14000000e-01  9.14000000e-01  6.34452211e-02 
 9.15000000e-01  9.15000000e-01  6.28264147e-02 
 9.16000000e-01  9.16000000e-01  6.22125726e-02 
 9.17000000e-01  9.17000000e-01  6.16036499e-02 
 9.18000000e-01  9.18000000e-01  6.09996026e-02 
 9.19000000e-01  9.19000000e-01  6.04003871e-02 
 9.20000000e-01  9.20000000e-01  5.98059606e-02 
 9.21000000e-01  9.21000000e-01  5.92162811e-02 
 9.22000000e-01  9.22000000e-01  5.86313071e-02 
 9.23000000e-01  9.23000000e-01  5.80509978e-02 
 9.24000000e-01  9.24000000e-01  5.74753128e-02 
 9.25000000e-01  9.25000000e-01  5.69042126e-02 
 9.26000000e-01  9.26000000e-01  5.63376583e-02 
 9.27000000e-01  9.27000000e-01  5.57756112e-02 
 9.28000000e-01  9.28000000e-01  5.52180335e-02 
 9.29000000e-01  9.29000000e-01  5.46648880e-02 
 9.30000000e-01  9.30000000e-01  5.41161378e-02 
 9.31000000e-01  9.31000000e-01  5.35717466e-02 
 9.32000000e-01  9.32000000e-01  5.30316788e-02 
 9.33000000e-01  9.33000000e-01  5.24958990e-02 
 9.34000000e-01  9.34000000e-01  5.19643726e-02 
 9.35000000e-01  9.35000000e-01  5.14370654e-02 
 9.36000000e-01  9.36000000e-01  5.09139435e-02 
 9.37000000e-01  9.37000000e-01  5.03949737e-02 
 9.38000000e-01  9.38000000e-01  4.98801232e-02 
 9.39000000e-01  9.39000000e-01  4.93693596e-02 
 9.40000000e-01  9.40000000e-01  4.88626509e-02 
 9.41000000e-01  9.41000000e-01  4.83599656e-02 
 9.42000000e-01  9.42000000e-01  4.78612727e-02 
 9.43000000e-01  9.43000000e-01  4.73665415e-02 
 9.44000000e-01  9.44000000e-01  4.68757418e-02 
 9.45000000e-01  9.45000000e-01  4.63888436e-02 
 9.46000000e-01  9.46000000e-01  4.59058176e-02 
 9.47000000e-01  9.47000000e-01  4.54266346e-02 
 9.48000000e-01  9.48000000e-01  4.49512660e-02 
 9.49000000e-01  9.49000000e-01  4.44796834e-02 
 9.50000000e-01  9.50000000e-01  4.40118588e-02 
 9.51000000e-01  9.51000000e-01  4.35477647e-02 
 9.52000000e-01  9.52000000e-01  4.30873738e-02 
 9.53000000e-01  9.53000000e-01  4.26306591e-02 
 9.54000000e-01  9.54000000e-01  4.21775941e-02 
 9.55000000e-01  9.55000000e-01  4.17281525e-02 
 9.56000000e-01  9.56000000e-01  4.12823084e-02 
 9.57000000e-01  9.57000000e-01  4.08400362e-02 
 9.58000000e-01  9.58000000e-01  4.04013105e-02 
 9.59000000e-01  9.59000000e-01  3.99661064e-02 
 9.60000000e-01  9.60000000e-01  3.95343992e-02 
 9.61000000e-01  9.61000000e-01  3.91061645e-02 
 9.62000000e-01  9.62000000e-01  3.86813781e-02 
 9.63000000e-01  9.63000000e-01  3.82600162e-02 
 9.64000000e-01  9.64000000e-01  3.78420554e-02 
 9.65000000e-01  9.65000000e-01  3.74274722e-02 
 9.66000000e-01  9.66000000e-01  3.70162438e-02 
 9.67000000e-01  9.67000000e-01  3.66083472e-02 
 9.68000000e-01  9.68000000e-01  3.62037602e-02 
 9.69000000e-01  9.69000000e-01  3.58024604e-02 
 9.70000000e-01  9.70000000e-01  3.54044258e-02 
 9.71000000e-01  9.71000000e-01  3.50096347e-02 
 9.72000000e-01  9.72000000e-01  3.46180657e-02 
 9.73000000e-01  9.73000000e-01  3.42296974e-02 
 9.74000000e-01  9.74000000e-01  3.38445089e-02 
 9.75000000e-01  9.75000000e-01  3.34624793e-02 
 9.76000000e-01  9.76000000e-01  3.30835880e-02 
 9.77000000e-01  9.77000000e-01  3.27078147e-02 
 9.78000000e-01  9.78000000e-01  3.23351393e-02 
 9.79000000e-01  9.79000000e-01  3.19655419e-02 
 9.80000000e-01  9.80000000e-01  3.15990026e-02 
 9.81000000e-01  9.81000000e-01  3.12355021e-02 
 9.82000000e-01  9.82000000e-01  3.08750209e-02 
 9.83000000e-01  9.83000000e-01  3.05175400e-02 
 9.84000000e-01  9.84000000e-01  3.01630405e-02 
 9.85000000e-01  9.85000000e-01  2.98115036e-02 
 9.86000000e-01  9.86000000e-01  2.94629108e-02 
 9.87000000e-01  9.87000000e-01  2.91172437e-02 
 9.88000000e-01  9.88000000e-01  2.87744842e-02 
 9.89000000e-01  9.89000000e-01  2.84346142e-02 
 9.90000000e-01  9.90000000e-01  2.80976160e-02 
 9.91000000e-01  9.91000000e-01  2.77634718e-02 
 9.92000000e-01  9.92000000e-01  2.74321642e-02 
 9.93000000e-01  9.93000000e-01  2.71036759e-02 
 9.94000000e-01  9.94000000e-01  2.67779898e-02 
 9.95000000e-01  9.95000000e-01  2.64550887e-02 
 9.96000000e-01  9.96000000e-01  2.61349560e-02 
 9.97000000e-01  9.97000000e-01  2.58175748e-02 
 9.98000000e-01  9.98000000e-01  2.55029288e-02 
 9.99000000e-01  9.99000000e-01  2.51910014e-02 
 1.00000000e+00  1.00000000e+00  2.48817765e-02 
 1.00100000e+00  1.00100000e+00  2.45752380e-02 
 1.00200000e+00  1.00200000e+00  2.42713698e-02 
 1.00300000e+00  1.00300000e+00  2.39701563e-02 
 1.00400000e+00  1.00400000e+00  2.36715817e-02 
 1.00500000e+00  1.00500000e+00  2.33756305e-02 
 1.00600000e+00  1.00600000e+00  2.30822873e-02 
 1.00700000e+00  1.00700000e+00  2.27915368e-02 
 1.00800000e+00  1.00800000e+00  2.25033639e-02 
 1.00900000e+00  1.00900000e+00  2.22177535e-02 
 1.01000000e+00  1.01000000e+00  2.19346907e-02 
 1.01100000e+00  1.01100000e+00  2.16541607e-02 
 1.01200000e+00  1.01200000e+00  2.13761489e-02 
 1.01300000e+00  1.01300000e+00  2.11006407e-02 
 1.01400000e+00  1.01400000e+00  2.08276217e-02 
 1.01500000e+00  1.01500000e+00  2.05570776e-02 
 1.01600000e+00  1.01600000e+00  2.02889941e-02 
 1.01700000e+00  1.01700000e+00  2.00233571e-02 
 1.01800000e+00  1.01800000e+00  1.97601527e-02 
 1.01900000e+00  1.01900000e+00  1.94993669e-02 
 1.02000000e+00  1.02000000e+00  1.92409860e-02 
 1.02100000e+00  1.02100000e+00  1.89849963e-02 
 1.02200000e+00  1.02200000e+00  1.87313841e-02 
 1.02300000e+00  1.02300000e+00  1.84801359e-02 
 1.02400000e+00  1.02400000e+00  1.82312385e-02 
 1.02500000e+00  1.02500000e+00  1.79846783e-02 
 1.02600000e+00  1.02600000e+00  1.77404423e-02 
 1.02700000e+00  1.02700000e+00  1.74985173e-02 
 1.02800000e+00  1.02800000e+00  1.72588903e-02 
 1.02900000e+00  1.02900000e+00  1.70215482e-02 
 1.03000000e+00  1.03000000e+00  1.67864783e-02 
 1.03100000e+00  1.03100000e+00  1.65536677e-02 
 1.03200000e+00  1.03200000e+00  1.63231037e-02 
 1.03300000e+00  1.03300000e+00  1.60947737e-02 
 1.03400000e+00  1.03400000e+00  1.58686652e-02 
 1.03500000e+00  1.03500000e+00  1.56447656e-02 
 1.03600000e+00  1.03600000e+00  1.54230626e-02 
 1.03700000e+00  1.03700000e+00  1.52035438e-02 
 1.03800000e+00  1.03800000e+00  1.49861970e-02 
 1.03900000e+00  1.03900000e+00  1.47710099e-02 
 1.04000000e+00  1.04000000e+00  1.45579705e-02 
 1.04100000e+00  1.04100000e+00  1.43470668e-02 
 1.04200000e+00  1.04200000e+00  1.41382866e-02 
 1.04300000e+00  1.04300000e+00  1.39316181e-02 
 1.04400000e+00  1.04400000e+00  1.37270495e-02 
 1.04500000e+00  1.04500000e+00  1.35245688e-02 
 1.04600000e+00  1.04600000e+00  1.33241645e-02 
 1.04700000e+00  1.04700000e+00  1.31258247e-02 
 1.04800000e+00  1.04800000e+00  1.29295379e-02 
 1.04900000e+00  1.04900000e+00  1.27352925e-02 
 1.05000000e+00  1.05000000e+00  1.25430770e-02 
 1.05100000e+00  1.05100000e+00  1.23528799e-02 
 1.05200000e+00  1.05200000e+00  1.21646897e-02 
 1.05300000e+00  1.05300000e+00  1.19784951e-02 
 1.05400000e+00  1.05400000e+00  1.17942849e-02 
 1.05500000e+00  1.05500000e+00  1.16120476e-02 
 1.05600000e+00  1.05600000e+00  1.14317722e-02 
 1.05700000e+00  1.05700000e+00  1.12534473e-02 
 1.05800000e+00  1.05800000e+00  1.10770619e-02 
 1.05900000e+00  1.05900000e+00  1.09026048e-02 
 1.06000000e+00  1.06000000e+00  1.07300650e-02 
 1.06100000e+00  1.06100000e+00  1.05594315e-02 
 1.06200000e+00  1.06200000e+00  1.03906932e-02 
 1.06300000e+00  1.06300000e+00  1.02238392e-02 
 1.06400000e+00  1.06400000e+00  1.00588587e-02 
 1.06500000e+00  1.06500000e+00  9.89574066e-03 
 1.06600000e+00  1.06600000e+00  9.73447428e-03 
 1.06700000e+00  1.06700000e+00  9.57504873e-03 
 1.06800000e+00  1.06800000e+00  9.41745322e-03 
 1.06900000e+00  1.06900000e+00  9.26167699e-03 
 1.07000000e+00  1.07000000e+00  9.10770928e-03 
 1.07100000e+00  1.07100000e+00  8.95553938e-03 
 1.07200000e+00  1.07200000e+00  8.80515660e-03 
 1.07300000e+00  1.07300000e+00  8.65655027e-03 
 1.07400000e+00  1.07400000e+00  8.50970973e-03 
 1.07500000e+00  1.07500000e+00  8.36462436e-03 
 1.07600000e+00  1.07600000e+00  8.22128355e-03 
 1.07700000e+00  1.07700000e+00  8.07967669e-03 
 1.07800000e+00  1.07800000e+00  7.93979321e-03 
 1.07900000e+00  1.07900000e+00  7.80162254e-03 
 1.08000000e+00  1.08000000e+00  7.66515413e-03 
 1.08100000e+00  1.08100000e+00  7.53037744e-03 
 1.08200000e+00  1.08200000e+00  7.39728193e-03 
 1.08300000e+00  1.08300000e+00  7.26585708e-03 
 1.08400000e+00  1.08400000e+00  7.13609239e-03 
 1.08500000e+00  1.08500000e+00  7.00797733e-03 
 1.08600000e+00  1.08600000e+00  6.88150141e-03 
 1.08700000e+00  1.08700000e+00  6.75665412e-03 
 1.08800000e+00  1.08800000e+00  6.63342498e-03 
 1.08900000e+00  1.08900000e+00  6.51180347e-03 
 1.09000000e+00  1.09000000e+00  6.39177911e-03 
 1.09100000e+00  1.09100000e+00  6.27334139e-03 
 1.09200000e+00  1.09200000e+00  6.15647981e-03 
 1.09300000e+00  1.09300000e+00  6.04118386e-03 
 1.09400000e+00  1.09400000e+00  5.92744304e-03 
 1.09500000e+00  1.09500000e+00  5.81524683e-03 
 1.09600000e+00  1.09600000e+00  5.70458468e-03 
 1.09700000e+00  1.09700000e+00  5.59544608e-03 
 1.09800000e+00  1.09800000e+00  5.48782046e-03 
 1.09900000e+00  1.09900000e+00  5.38169727e-03 
 1.10000000e+00  1.10000000e+00  5.27706594e-03 
 1.10100000e+00  1.10100000e+00  5.17391587e-03 
 1.10200000e+00  1.10200000e+00  5.07223647e-03 
 1.10300000e+00  1.10300000e+00  4.97201710e-03 
 1.10400000e+00  1.10400000e+00  4.87324713e-03 
 1.10500000e+00  1.10500000e+00  4.77591589e-03 
 1.10600000e+00  1.10600000e+00  4.68001272e-03 
 1.10700000e+00  1.10700000e+00  4.58552689e-03 
 1.10800000e+00  1.10800000e+00  4.49244770e-03 
 1.10900000e+00  1.10900000e+00  4.40076437e-03 
 1.11000000e+00  1.11000000e+00  4.31046615e-03 
 1.11100000e+00  1.11100000e+00  4.22154222e-03 
 1.11200000e+00  1.11200000e+00  4.13398175e-03 
 1.11300000e+00  1.11300000e+00  4.04777389e-03 
 1.11400000e+00  1.11400000e+00  3.96290774e-03 
 1.11500000e+00  1.11500000e+00  3.87937239e-03 
 1.11600000e+00  1.11600000e+00  3.79715688e-03 
 1.11700000e+00  1.11700000e+00  3.71625022e-03 
 1.11800000e+00  1.11800000e+00  3.63664141e-03 
 1.11900000e+00  1.11900000e+00  3.55831939e-03 
 1.12000000e+00  1.12000000e+00  3.48127306e-03 
 1.12100000e+00  1.12100000e+00  3.40549132e-03 
 1.12200000e+00  1.12200000e+00  3.33096299e-03 
 1.12300000e+00  1.12300000e+00  3.25767689e-03 
 1.12400000e+00  1.12400000e+00  3.18562178e-03 
 1.12500000e+00  1.12500000e+00  3.11478639e-03 
 1.12600000e+00  1.12600000e+00  3.04515941e-03 
 1.12700000e+00  1.12700000e+00  2.97672949e-03 
 1.12800000e+00  1.12800000e+00  2.90948525e-03 
 1.12900000e+00  1.12900000e+00  2.84341526e-03 
 1.13000000e+00  1.13000000e+00  2.77850805e-03 
 1.13100000e+00  1.13100000e+00  2.71475212e-03 
 1.13200000e+00  1.13200000e+00  2.65213593e-03 
 1.13300000e+00  1.13300000e+00  2.59064790e-03 
 1.13400000e+00  1.13400000e+00  2.53027639e-03 
 1.13500000e+00  1.13500000e+00  2.47100976e-03 
 1.13600000e+00  1.13600000e+00  2.41283631e-03 
 1.13700000e+00  1.13700000e+00  2.35574429e-03 
 1.13800000e+00  1.13800000e+00  2.29972195e-03 
 1.13900000e+00  1.13900000e+00  2.24475747e-03 
 1.14000000e+00  1.14000000e+00  2.19083901e-03 
 1.14100000e+00  1.14100000e+00  2.13795469e-03 
 1.14200000e+00  1.14200000e+00  2.08609261e-03 
 1.14300000e+00  1.14300000e+00  2.03524082e-03 
 1.14400000e+00  1.14400000e+00  1.98538735e-03 
 1.14500000e+00  1.14500000e+00  1.93652020e-03 
 1.14600000e+00  1.14600000e+00  1.88862734e-03 
 1.14700000e+00  1.14700000e+00  1.84169673e-03 
 1.14800000e+00  1.14800000e+00  1.79571627e-03 
 1.14900000e+00  1.14900000e+00  1.75067388e-03 
 1.15000000e+00  1.15000000e+00  1.70655743e-03 
 1.15100000e+00  1.15100000e+00  1.66335479e-03 
 1.15200000e+00  1.15200000e+00  1.62105381e-03 
 1.15300000e+00  1.15300000e+00  1.57964232e-03 
 1.15400000e+00  1.15400000e+00  1.53910814e-03 
 1.15500000e+00  1.15500000e+00  1.49943911e-03 
 1.15600000e+00  1.15600000e+00  1.46062302e-03 
 1.15700000e+00  1.15700000e+00  1.42264769e-03 
 1.15800000e+00  1.15800000e+00  1.38550093e-03 
 1.15900000e+00  1.15900000e+00  1.34917057e-03 
 1.16000000e+00  1.16000000e+00  1.31364442e-03 
 1.16100000e+00  1.16100000e+00  1.27891032e-03 
 1.16200000e+00  1.16200000e+00  1.24495613e-03 
 1.16300000e+00  1.16300000e+00  1.21176970e-03 
 1.16400000e+00  1.16400000e+00  1.17933894e-03 
 1.16500000e+00  1.16500000e+00  1.14765176e-03 
 1.16600000e+00  1.16600000e+00  1.11669609e-03 
 1.16700000e+00  1.16700000e+00  1.08645992e-03 
 1.16800000e+00  1.16800000e+00  1.05693127e-03 
 1.16900000e+00  1.16900000e+00  1.02809817e-03 
 1.17000000e+00  1.17000000e+00  9.99948745e-04 
 1.17100000e+00  1.17100000e+00  9.72471125e-04 
 1.17200000e+00  1.17200000e+00  9.45653513e-04 
 1.17300000e+00  1.17300000e+00  9.19484166e-04 
 1.17400000e+00  1.17400000e+00  8.93951399e-04 
 1.17500000e+00  1.17500000e+00  8.69043591e-04 
 1.17600000e+00  1.17600000e+00  8.44749192e-04 
 1.17700000e+00  1.17700000e+00  8.21056721e-04 
 1.17800000e+00  1.17800000e+00  7.97954775e-04 
 1.17900000e+00  1.17900000e+00  7.75432032e-04 
 1.18000000e+00  1.18000000e+00  7.53477251e-04 
 1.18100000e+00  1.18100000e+00  7.32079281e-04 
 1.18200000e+00  1.18200000e+00  7.11227060e-04 
 1.18300000e+00  1.18300000e+00  6.90909624e-04 
 1.18400000e+00  1.18400000e+00  6.71116105e-04 
 1.18500000e+00  1.18500000e+00  6.51835738e-04 
 1.18600000e+00  1.18600000e+00  6.33057862e-04 
 1.18700000e+00  1.18700000e+00  6.14771926e-04 
 1.18800000e+00  1.18800000e+00  5.96967489e-04 
 1.18900000e+00  1.18900000e+00  5.79634225e-04 
 1.19000000e+00  1.19000000e+00  5.62761927e-04 
 1.19100000e+00  1.19100000e+00  5.46340506e-04 
 1.19200000e+00  1.19200000e+00  5.30359996e-04 
 1.19300000e+00  1.19300000e+00  5.14810558e-04 
 1.19400000e+00  1.19400000e+00  4.99682478e-04 
 1.19500000e+00  1.19500000e+00  4.84966174e-04 
 1.19600000e+00  1.19600000e+00  4.70652194e-04 
 1.19700000e+00  1.19700000e+00  4.56731222e-04 
 1.19800000e+00  1.19800000e+00  4.43194073e-04 
 1.19900000e+00  1.19900000e+00  4.30031703e-04 
 1.20000000e+00  1.20000000e+00  4.17235204e-04 
 1.20100000e+00  1.20100000e+00  4.04795809e-04 
 1.20200000e+00  1.20200000e+00  3.92704891e-04 
 1.20300000e+00  1.20300000e+00  3.80953963e-04 
 1.20400000e+00  1.20400000e+00  3.69534683e-04 
 1.20500000e+00  1.20500000e+00  3.58438850e-04 
 1.20600000e+00  1.20600000e+00  3.47658408e-04 
 1.20700000e+00  1.20700000e+00  3.37185442e-04 
 1.20800000e+00  1.20800000e+00  3.27012184e-04 
 1.20900000e+00  1.20900000e+00  3.17131009e-04 
 1.21000000e+00  1.21000000e+00  3.07534435e-04 
 1.21100000e+00  1.21100000e+00  2.98215124e-04 
 1.21200000e+00  1.21200000e+00  2.89165883e-04 
 1.21300000e+00  1.21300000e+00  2.80379660e-04 
 1.21400000e+00  1.21400000e+00  2.71849546e-04 
 1.21500000e+00  1.21500000e+00  2.63568773e-04 
 1.21600000e+00  1.21600000e+00  2.55530714e-04 
 1.21700000e+00  1.21700000e+00  2.47728882e-04 
 1.21800000e+00  1.21800000e+00  2.40156930e-04 
 1.21900000e+00  1.21900000e+00  2.32808645e-04 
 1.22000000e+00  1.22000000e+00  2.25677954e-04 
 1.22100000e+00  1.22100000e+00  2.18758918e-04 
 1.22200000e+00  1.22200000e+00  2.12045731e-04 
 1.22300000e+00  1.22300000e+00  2.05532719e-04 
 1.22400000e+00  1.22400000e+00  1.99214341e-04 
 1.22500000e+00  1.22500000e+00  1.93085182e-04 
 1.22600000e+00  1.22600000e+00  1.87139958e-04 
 1.22700000e+00  1.22700000e+00  1.81373507e-04 
 1.22800000e+00  1.22800000e+00  1.75780793e-04 
 1.22900000e+00  1.22900000e+00  1.70356902e-04 
 1.23000000e+00  1.23000000e+00  1.65097041e-04 
 1.23100000e+00  1.23100000e+00  1.59996535e-04 
 1.23200000e+00  1.23200000e+00  1.55050824e-04 
 1.23300000e+00  1.23300000e+00  1.50255465e-04 
 1.23400000e+00  1.23400000e+00  1.45606126e-04 
 1.23500000e+00  1.23500000e+00  1.41098586e-04 
 1.23600000e+00  1.23600000e+00  1.36728734e-04 
 1.23700000e+00  1.23700000e+00  1.32492563e-04 
 1.23800000e+00  1.23800000e+00  1.28386172e-04 
 1.23900000e+00  1.23900000e+00  1.24405764e-04 
 1.24000000e+00  1.24000000e+00  1.20547640e-04 
 1.24100000e+00  1.24100000e+00  1.16808202e-04 
 1.24200000e+00  1.24200000e+00  1.13183946e-04 
 1.24300000e+00  1.24300000e+00  1.09671464e-04 
 1.24400000e+00  1.24400000e+00  1.06267441e-04 
 1.24500000e+00  1.24500000e+00  1.02968650e-04 
 1.24600000e+00  1.24600000e+00  9.97719557e-05 
 1.24700000e+00  1.24700000e+00  9.66743069e-05 
 1.24800000e+00  1.24800000e+00  9.36727380e-05 
 1.24900000e+00  1.24900000e+00  9.07643656e-05 
 1.25000000e+00  1.25000000e+00  8.79463873e-05 
 1.25100000e+00  1.25100000e+00  8.52160792e-05 
 1.25200000e+00  1.25200000e+00  8.25707945e-05 
 1.25300000e+00  1.25300000e+00  8.00079614e-05 
 1.25400000e+00  1.25400000e+00  7.75250812e-05 
 1.25500000e+00  1.25500000e+00  7.51197270e-05 
 1.25600000e+00  1.25600000e+00  7.27895411e-05 
 1.25700000e+00  1.25700000e+00  7.05322341e-05 
 1.25800000e+00  1.25800000e+00  6.83455825e-05 
 1.25900000e+00  1.25900000e+00  6.62274275e-05 
 1.26000000e+00  1.26000000e+00  6.41756731e-05 
 1.26100000e+00  1.26100000e+00  6.21882844e-05 
 1.26200000e+00  1.26200000e+00  6.02632862e-05 
 1.26300000e+00  1.26300000e+00  5.83987614e-05 
 1.26400000e+00  1.26400000e+00  5.65928492e-05 
 1.26500000e+00  1.26500000e+00  5.48437441e-05 
 1.26600000e+00  1.26600000e+00  5.31496938e-05 
 1.26700000e+00  1.26700000e+00  5.15089983e-05 
 1.26800000e+00  1.26800000e+00  4.99200080e-05 
 1.26900000e+00  1.26900000e+00  4.83811228e-05 
 1.27000000e+00  1.27000000e+00  4.68907904e-05 
 1.27100000e+00  1.27100000e+00  4.54475050e-05 
 1.27200000e+00  1.27200000e+00  4.40498061e-05 
 1.27300000e+00  1.27300000e+00  4.26962774e-05 
 1.27400000e+00  1.27400000e+00  4.13855450e-05 
 1.27500000e+00  1.27500000e+00  4.01162770e-05 
 1.27600000e+00  1.27600000e+00  3.88871815e-05 
 1.27700000e+00  1.27700000e+00  3.76970060e-05 
 1.27800000e+00  1.27800000e+00  3.65445361e-05 
 1.27900000e+00  1.27900000e+00  3.54285944e-05 
 1.28000000e+00  1.28000000e+00  3.43480395e-05 
 1.28100000e+00  1.28100000e+00  3.33017648e-05 
 1.28200000e+00  1.28200000e+00  3.22886977e-05 
 1.28300000e+00  1.28300000e+00  3.13077983e-05 
 1.28400000e+00  1.28400000e+00  3.03580588e-05 
 1.28500000e+00  1.28500000e+00  2.94385025e-05 
 1.28600000e+00  1.28600000e+00  2.85481825e-05 
 1.28700000e+00  1.28700000e+00  2.76861813e-05 
 1.28800000e+00  1.28800000e+00  2.68516098e-05 
 1.28900000e+00  1.28900000e+00  2.60436061e-05 
 1.29000000e+00  1.29000000e+00  2.52613353e-05 
 1.29100000e+00  1.29100000e+00  2.45039881e-05 
 1.29200000e+00  1.29200000e+00  2.37707804e-05 
 1.29300000e+00  1.29300000e+00  2.30609527e-05 
 1.29400000e+00  1.29400000e+00  2.23737687e-05 
 1.29500000e+00  1.29500000e+00  2.17085152e-05 
 1.29600000e+00  1.29600000e+00  2.10645012e-05 
 1.29700000e+00  1.29700000e+00  2.04410574e-05 
 1.29800000e+00  1.29800000e+00  1.98375351e-05 
 1.29900000e+00  1.29900000e+00  1.92533059e-05 
 1.30000000e+00  1.30000000e+00  1.86877614e-05 
 1.30100000e+00  1.30100000e+00  1.81403117e-05 
 1.30200000e+00  1.30200000e+00  1.76103857e-05 
 1.30300000e+00  1.30300000e+00  1.70974302e-05 
 1.30400000e+00  1.30400000e+00  1.66009091e-05 
 1.30500000e+00  1.30500000e+00  1.61203034e-05 
 1.30600000e+00  1.30600000e+00  1.56551102e-05 
 1.30700000e+00  1.30700000e+00  1.52048423e-05 
 1.30800000e+00  1.30800000e+00  1.47690282e-05 
 1.30900000e+00  1.30900000e+00  1.43472108e-05 
 1.31000000e+00  1.31000000e+00  1.39389477e-05 
 1.31100000e+00  1.31100000e+00  1.35438101e-05 
 1.31200000e+00  1.31200000e+00  1.31613831e-05 
 1.31300000e+00  1.31300000e+00  1.27912645e-05 
 1.31400000e+00  1.31400000e+00  1.24330650e-05 
 1.31500000e+00  1.31500000e+00  1.20864075e-05 
 1.31600000e+00  1.31600000e+00  1.17509269e-05 
 1.31700000e+00  1.31700000e+00  1.14262695e-05 
 1.31800000e+00  1.31800000e+00  1.11120927e-05 
 1.31900000e+00  1.31900000e+00  1.08080650e-05 
 1.32000000e+00  1.32000000e+00  1.05138651e-05 
 1.32100000e+00  1.32100000e+00  1.02291820e-05 
 1.32200000e+00  1.32200000e+00  9.95371454e-06 
 1.32300000e+00  1.32300000e+00  9.68717098e-06 
 1.32400000e+00  1.32400000e+00  9.42926890e-06 
 1.32500000e+00  1.32500000e+00  9.17973482e-06 
 1.32600000e+00  1.32600000e+00  8.93830387e-06 
 1.32700000e+00  1.32700000e+00  8.70471962e-06 
 1.32800000e+00  1.32800000e+00  8.47873373e-06 
 1.32900000e+00  1.32900000e+00  8.26010574e-06 
 1.33000000e+00  1.33000000e+00  8.04860281e-06 
 1.33100000e+00  1.33100000e+00  7.84399949e-06 
 1.33200000e+00  1.33200000e+00  7.64607746e-06 
 1.33300000e+00  1.33300000e+00  7.45462535e-06 
 1.33400000e+00  1.33400000e+00  7.26943846e-06 
 1.33500000e+00  1.33500000e+00  7.09031863e-06 
 1.33600000e+00  1.33600000e+00  6.91707394e-06 
 1.33700000e+00  1.33700000e+00  6.74951860e-06 
 1.33800000e+00  1.33800000e+00  6.58747270e-06 
 1.33900000e+00  1.33900000e+00  6.43076205e-06 
 1.34000000e+00  1.34000000e+00  6.27921798e-06 
 1.34100000e+00  1.34100000e+00  6.13267718e-06 
 1.34200000e+00  1.34200000e+00  5.99098153e-06 
 1.34300000e+00  1.34300000e+00  5.85397794e-06 
 1.34400000e+00  1.34400000e+00  5.72151818e-06 
 1.34500000e+00  1.34500000e+00  5.59345872e-06 
 1.34600000e+00  1.34600000e+00  5.46966060e-06 
 1.34700000e+00  1.34700000e+00  5.34998927e-06 
 1.34800000e+00  1.34800000e+00  5.23431446e-06 
 1.34900000e+00  1.34900000e+00  5.12251005e-06 
 1.35000000e+00  1.35000000e+00  5.01445392e-06 
 1.35100000e+00  1.35100000e+00  4.91002782e-06 
 1.35200000e+00  1.35200000e+00  4.80911729e-06 
 1.35300000e+00  1.35300000e+00  4.71161148e-06 
 1.35400000e+00  1.35400000e+00  4.61740308e-06 
 1.35500000e+00  1.35500000e+00  4.52638819e-06 
 1.35600000e+00  1.35600000e+00  4.43846622e-06 
 1.35700000e+00  1.35700000e+00  4.35353976e-06 
 1.35800000e+00  1.35800000e+00  4.27151451e-06 
 1.35900000e+00  1.35900000e+00  4.19229919e-06 
 1.36000000e+00  1.36000000e+00  4.11580538e-06 
 1.36100000e+00  1.36100000e+00  4.04194751e-06 
 1.36200000e+00  1.36200000e+00  3.97064271e-06 
 1.36300000e+00  1.36300000e+00  3.90181075e-06 
 1.36400000e+00  1.36400000e+00  3.83537397e-06 
 1.36500000e+00  1.36500000e+00  3.77125716e-06 
 1.36600000e+00  1.36600000e+00  3.70938751e-06 
 1.36700000e+00  1.36700000e+00  3.64969452e-06 
 1.36800000e+00  1.36800000e+00  3.59210995e-06 
 1.36900000e+00  1.36900000e+00  3.53656770e-06 
 1.37000000e+00  1.37000000e+00  3.48300381e-06 
 1.37100000e+00  1.37100000e+00  3.43135633e-06 
 1.37200000e+00  1.37200000e+00  3.38156530e-06 
 1.37300000e+00  1.37300000e+00  3.33357263e-06 
 1.37400000e+00  1.37400000e+00  3.28732213e-06 
 1.37500000e+00  1.37500000e+00  3.24275936e-06 
 1.37600000e+00  1.37600000e+00  3.19983162e-06 
 1.37700000e+00  1.37700000e+00  3.15848790e-06 
 1.37800000e+00  1.37800000e+00  3.11867880e-06 
 1.37900000e+00  1.37900000e+00  3.08035649e-06 
 1.38000000e+00  1.38000000e+00  3.04347468e-06 
 1.38100000e+00  1.38100000e+00  3.00798852e-06 
 1.38200000e+00  1.38200000e+00  2.97385462e-06 
 1.38300000e+00  1.38300000e+00  2.94103096e-06 
 1.38400000e+00  1.38400000e+00  2.90947685e-06 
 1.38500000e+00  1.38500000e+00  2.87915290e-06 
 1.38600000e+00  1.38600000e+00  2.85002097e-06 
 1.38700000e+00  1.38700000e+00  2.82204413e-06 
 1.38800000e+00  1.38800000e+00  2.79518664e-06 
 1.38900000e+00  1.38900000e+00  2.76941388e-06 
 1.39000000e+00  1.39000000e+00  2.74469235e-06 
 1.39100000e+00  1.39100000e+00  2.72098959e-06 
 1.39200000e+00  1.39200000e+00  2.69827420e-06 
 1.39300000e+00  1.39300000e+00  2.67651576e-06 
 1.39400000e+00  1.39400000e+00  2.65568483e-06 
 1.39500000e+00  1.39500000e+00  2.63575289e-06 
 1.39600000e+00  1.39600000e+00  2.61669236e-06 
 1.39700000e+00  1.39700000e+00  2.59847649e-06 
 1.39800000e+00  1.39800000e+00  2.58107943e-06 
 1.39900000e+00  1.39900000e+00  2.56447612e-06 
 1.40000000e+00  1.40000000e+00  2.54864230e-06 
 1.40100000e+00  1.40100000e+00  2.53355450e-06 
 1.40200000e+00  1.40200000e+00  2.51918999e-06 
 1.40300000e+00  1.40300000e+00  2.50552674e-06 
 1.40400000e+00  1.40400000e+00  2.49254346e-06 
 1.40500000e+00  1.40500000e+00  2.48021951e-06 
 1.40600000e+00  1.40600000e+00  2.46853492e-06 
 1.40700000e+00  1.40700000e+00  2.45747034e-06 
 1.40800000e+00  1.40800000e+00  2.44700706e-06 
 1.40900000e+00  1.40900000e+00  2.43712693e-06 
 1.41000000e+00  1.41000000e+00  2.42781242e-06 
 1.41100000e+00  1.41100000e+00  2.41904654e-06 
 1.41200000e+00  1.41200000e+00  2.41081282e-06 
 1.41300000e+00  1.41300000e+00  2.40309534e-06 
 1.41400000e+00  1.41400000e+00  2.39587868e-06 
 1.41500000e+00  1.41500000e+00  2.38914791e-06 
 1.41600000e+00  1.41600000e+00  2.38288858e-06 
 1.41700000e+00  1.41700000e+00  2.37708669e-06 
 1.41800000e+00  1.41800000e+00  2.37172870e-06 
 1.41900000e+00  1.41900000e+00  2.36680148e-06 
 1.42000000e+00  1.42000000e+00  2.36229234e-06 
 1.42100000e+00  1.42100000e+00  2.35818899e-06 
 1.42200000e+00  1.42200000e+00  2.35447951e-06 
 1.42300000e+00  1.42300000e+00  2.35115240e-06 
 1.42400000e+00  1.42400000e+00  2.34819648e-06 
 1.42500000e+00  1.42500000e+00  2.34560096e-06 
 1.42600000e+00  1.42600000e+00  2.34335539e-06 
 1.42700000e+00  1.42700000e+00  2.34144964e-06 
 1.42800000e+00  1.42800000e+00  2.33987391e-06 
 1.42900000e+00  1.42900000e+00  2.33861871e-06 
 1.43000000e+00  1.43000000e+00  2.33767486e-06 
 1.43100000e+00  1.43100000e+00  2.33703347e-06 
 1.43200000e+00  1.43200000e+00  2.33668592e-06 
 1.43300000e+00  1.43300000e+00  2.33662388e-06 
 1.43400000e+00  1.43400000e+00  2.33683929e-06 
 1.43500000e+00  1.43500000e+00  2.33732434e-06 
 1.43600000e+00  1.43600000e+00  2.33807146e-06 
 1.43700000e+00  1.43700000e+00  2.33907333e-06 
 1.43800000e+00  1.43800000e+00  2.34032288e-06 
 1.43900000e+00  1.43900000e+00  2.34181323e-06 
 1.44000000e+00  1.44000000e+00  2.34353776e-06 
 1.44100000e+00  1.44100000e+00  2.34549003e-06 
 1.44200000e+00  1.44200000e+00  2.34766383e-06 
 1.44300000e+00  1.44300000e+00  2.35005312e-06 
 1.44400000e+00  1.44400000e+00  2.35265209e-06 
 1.44500000e+00  1.44500000e+00  2.35545509e-06 
 1.44600000e+00  1.44600000e+00  2.35845665e-06 
 1.44700000e+00  1.44700000e+00  2.36165148e-06 
 1.44800000e+00  1.44800000e+00  2.36503448e-06 
 1.44900000e+00  1.44900000e+00  2.36860068e-06 
 1.45000000e+00  1.45000000e+00  2.37234530e-06 
 1.45100000e+00  1.45100000e+00  2.37626369e-06 
 1.45200000e+00  1.45200000e+00  2.38035135e-06 
 1.45300000e+00  1.45300000e+00  2.38460395e-06 
 1.45400000e+00  1.45400000e+00  2.38901727e-06 
 1.45500000e+00  1.45500000e+00  2.39358725e-06 
 1.45600000e+00  1.45600000e+00  2.39830993e-06 
 1.45700000e+00  1.45700000e+00  2.40318152e-06 
 1.45800000e+00  1.45800000e+00  2.40819830e-06 
 1.45900000e+00  1.45900000e+00  2.41335672e-06 
 1.46000000e+00  1.46000000e+00  2.41865332e-06 
 1.46100000e+00  1.46100000e+00  2.42408474e-06 
 1.46200000e+00  1.46200000e+00  2.42964776e-06 
 1.46300000e+00  1.46300000e+00  2.43533924e-06 
 1.46400000e+00  1.46400000e+00  2.44115614e-06 
 1.46500000e+00  1.46500000e+00  2.44709555e-06 
 1.46600000e+00  1.46600000e+00  2.45315461e-06 
 1.46700000e+00  1.46700000e+00  2.45933058e-06 
 1.46800000e+00  1.46800000e+00  2.46562080e-06 
 1.46900000e+00  1.46900000e+00  2.47202271e-06 
 1.47000000e+00  1.47000000e+00  2.47853382e-06 
 1.47100000e+00  1.47100000e+00  2.48515172e-06 
 1.47200000e+00  1.47200000e+00  2.49187408e-06 
 1.47300000e+00  1.47300000e+00  2.49869866e-06 
 1.47400000e+00  1.47400000e+00  2.50562327e-06 
 1.47500000e+00  1.47500000e+00  2.51264581e-06 
 1.47600000e+00  1.47600000e+00  2.51976424e-06 
 1.47700000e+00  1.47700000e+00  2.52697659e-06 
 1.47800000e+00  1.47800000e+00  2.53428095e-06 
 1.47900000e+00  1.47900000e+00  2.54167548e-06 
 1.48000000e+00  1.48000000e+00  2.54915841e-06 
 1.48100000e+00  1.48100000e+00  2.55672799e-06 
 1.48200000e+00  1.48200000e+00  2.56438257e-06 
 1.48300000e+00  1.48300000e+00  2.57212054e-06 
 1.48400000e+00  1.48400000e+00  2.57994033e-06 
 1.48500000e+00  1.48500000e+00  2.58784044e-06 
 1.48600000e+00  1.48600000e+00  2.59581942e-06 
 1.48700000e+00  1.48700000e+00  2.60387585e-06 
 1.48800000e+00  1.48800000e+00  2.61200838e-06 
 1.48900000e+00  1.48900000e+00  2.62021569e-06 
 1.49000000e+00  1.49000000e+00  2.62849650e-06 
 1.49100000e+00  1.49100000e+00  2.63684959e-06 
 1.49200000e+00  1.49200000e+00  2.64527378e-06 
 1.49300000e+00  1.49300000e+00  2.65376791e-06 
 1.49400000e+00  1.49400000e+00  2.66233088e-06 
 1.49500000e+00  1.49500000e+00  2.67096161e-06 
 1.49600000e+00  1.49600000e+00  2.67965908e-06 
 1.49700000e+00  1.49700000e+00  2.68842227e-06 
 1.49800000e+00  1.49800000e+00  2.69725024e-06 
 1.49900000e+00  1.49900000e+00  2.70614204e-06 
 1.50000000e+00  1.50000000e+00  2.71509678e-06 
