 frequency       v(Aol_dB)       v(Aol_arg)     
 1.00000000e-01  3.13288155e+01  1.79999998e+02 
 1.02305973e-01  3.13288155e+01  1.79999998e+02 
 1.04665121e-01  3.13288155e+01  1.79999998e+02 
 1.07078670e-01  3.13288155e+01  1.79999998e+02 
 1.09547876e-01  3.13288155e+01  1.79999998e+02 
 1.12074020e-01  3.13288155e+01  1.79999998e+02 
 1.14658417e-01  3.13288155e+01  1.79999998e+02 
 1.17302409e-01  3.13288155e+01  1.79999998e+02 
 1.20007371e-01  3.13288155e+01  1.79999998e+02 
 1.22774708e-01  3.13288155e+01  1.79999998e+02 
 1.25605860e-01  3.13288155e+01  1.79999998e+02 
 1.28502297e-01  3.13288155e+01  1.79999997e+02 
 1.31465525e-01  3.13288155e+01  1.79999997e+02 
 1.34497085e-01  3.13288155e+01  1.79999997e+02 
 1.37598551e-01  3.13288155e+01  1.79999997e+02 
 1.40771537e-01  3.13288155e+01  1.79999997e+02 
 1.44017690e-01  3.13288155e+01  1.79999997e+02 
 1.47338699e-01  3.13288155e+01  1.79999997e+02 
 1.50736290e-01  3.13288155e+01  1.79999997e+02 
 1.54212228e-01  3.13288155e+01  1.79999997e+02 
 1.57768320e-01  3.13288155e+01  1.79999997e+02 
 1.61406415e-01  3.13288155e+01  1.79999997e+02 
 1.65128404e-01  3.13288155e+01  1.79999997e+02 
 1.68936220e-01  3.13288155e+01  1.79999997e+02 
 1.72831844e-01  3.13288155e+01  1.79999997e+02 
 1.76817299e-01  3.13288155e+01  1.79999996e+02 
 1.80894658e-01  3.13288155e+01  1.79999996e+02 
 1.85066040e-01  3.13288155e+01  1.79999996e+02 
 1.89333613e-01  3.13288155e+01  1.79999996e+02 
 1.93699595e-01  3.13288155e+01  1.79999996e+02 
 1.98166255e-01  3.13288155e+01  1.79999996e+02 
 2.02735916e-01  3.13288155e+01  1.79999996e+02 
 2.07410951e-01  3.13288155e+01  1.79999996e+02 
 2.12193792e-01  3.13288155e+01  1.79999996e+02 
 2.17086923e-01  3.13288155e+01  1.79999996e+02 
 2.22092889e-01  3.13288155e+01  1.79999996e+02 
 2.27214291e-01  3.13288155e+01  1.79999995e+02 
 2.32453791e-01  3.13288155e+01  1.79999995e+02 
 2.37814113e-01  3.13288155e+01  1.79999995e+02 
 2.43298042e-01  3.13288155e+01  1.79999995e+02 
 2.48908429e-01  3.13288155e+01  1.79999995e+02 
 2.54648190e-01  3.13288155e+01  1.79999995e+02 
 2.60520309e-01  3.13288155e+01  1.79999995e+02 
 2.66527837e-01  3.13288155e+01  1.79999995e+02 
 2.72673897e-01  3.13288155e+01  1.79999995e+02 
 2.78961683e-01  3.13288155e+01  1.79999994e+02 
 2.85394464e-01  3.13288155e+01  1.79999994e+02 
 2.91975583e-01  3.13288155e+01  1.79999994e+02 
 2.98708461e-01  3.13288155e+01  1.79999994e+02 
 3.05596598e-01  3.13288155e+01  1.79999994e+02 
 3.12643573e-01  3.13288155e+01  1.79999994e+02 
 3.19853049e-01  3.13288155e+01  1.79999994e+02 
 3.27228774e-01  3.13288155e+01  1.79999993e+02 
 3.34774581e-01  3.13288155e+01  1.79999993e+02 
 3.42494392e-01  3.13288155e+01  1.79999993e+02 
 3.50392221e-01  3.13288155e+01  1.79999993e+02 
 3.58472171e-01  3.13288155e+01  1.79999993e+02 
 3.66738442e-01  3.13288155e+01  1.79999993e+02 
 3.75195331e-01  3.13288155e+01  1.79999993e+02 
 3.83847234e-01  3.13288155e+01  1.79999992e+02 
 3.92698648e-01  3.13288155e+01  1.79999992e+02 
 4.01754173e-01  3.13288155e+01  1.79999992e+02 
 4.11018515e-01  3.13288155e+01  1.79999992e+02 
 4.20496491e-01  3.13288155e+01  1.79999992e+02 
 4.30193027e-01  3.13288155e+01  1.79999991e+02 
 4.40113162e-01  3.13288155e+01  1.79999991e+02 
 4.50262052e-01  3.13288155e+01  1.79999991e+02 
 4.60644974e-01  3.13288155e+01  1.79999991e+02 
 4.71267322e-01  3.13288155e+01  1.79999991e+02 
 4.82134619e-01  3.13288155e+01  1.79999990e+02 
 4.93252513e-01  3.13288155e+01  1.79999990e+02 
 5.04626783e-01  3.13288155e+01  1.79999990e+02 
 5.16263340e-01  3.13288155e+01  1.79999990e+02 
 5.28168234e-01  3.13288155e+01  1.79999990e+02 
 5.40347650e-01  3.13288155e+01  1.79999989e+02 
 5.52807921e-01  3.13288155e+01  1.79999989e+02 
 5.65555523e-01  3.13288155e+01  1.79999989e+02 
 5.78597080e-01  3.13288155e+01  1.79999989e+02 
 5.91939372e-01  3.13288155e+01  1.79999988e+02 
 6.05589334e-01  3.13288155e+01  1.79999988e+02 
 6.19554061e-01  3.13288155e+01  1.79999988e+02 
 6.33840810e-01  3.13288155e+01  1.79999987e+02 
 6.48457008e-01  3.13288155e+01  1.79999987e+02 
 6.63410251e-01  3.13288155e+01  1.79999987e+02 
 6.78708313e-01  3.13288155e+01  1.79999987e+02 
 6.94359143e-01  3.13288155e+01  1.79999986e+02 
 7.10370877e-01  3.13288155e+01  1.79999986e+02 
 7.26751838e-01  3.13288155e+01  1.79999986e+02 
 7.43510539e-01  3.13288155e+01  1.79999985e+02 
 7.60655691e-01  3.13288155e+01  1.79999985e+02 
 7.78196206e-01  3.13288155e+01  1.79999985e+02 
 7.96141200e-01  3.13288155e+01  1.79999984e+02 
 8.14500001e-01  3.13288155e+01  1.79999984e+02 
 8.33282151e-01  3.13288155e+01  1.79999983e+02 
 8.52497412e-01  3.13288155e+01  1.79999983e+02 
 8.72155772e-01  3.13288155e+01  1.79999983e+02 
 8.92267449e-01  3.13288155e+01  1.79999982e+02 
 9.12842895e-01  3.13288155e+01  1.79999982e+02 
 9.33892805e-01  3.13288155e+01  1.79999981e+02 
 9.55428121e-01  3.13288155e+01  1.79999981e+02 
 9.77460036e-01  3.13288155e+01  1.79999981e+02 
 1.00000000e+00  3.13288155e+01  1.79999980e+02 
 1.02305973e+00  3.13288155e+01  1.79999980e+02 
 1.04665121e+00  3.13288155e+01  1.79999979e+02 
 1.07078670e+00  3.13288155e+01  1.79999979e+02 
 1.09547876e+00  3.13288155e+01  1.79999978e+02 
 1.12074020e+00  3.13288155e+01  1.79999978e+02 
 1.14658417e+00  3.13288155e+01  1.79999977e+02 
 1.17302409e+00  3.13288155e+01  1.79999977e+02 
 1.20007371e+00  3.13288155e+01  1.79999976e+02 
 1.22774708e+00  3.13288155e+01  1.79999976e+02 
 1.25605860e+00  3.13288155e+01  1.79999975e+02 
 1.28502297e+00  3.13288155e+01  1.79999974e+02 
 1.31465525e+00  3.13288155e+01  1.79999974e+02 
 1.34497085e+00  3.13288155e+01  1.79999973e+02 
 1.37598551e+00  3.13288155e+01  1.79999973e+02 
 1.40771537e+00  3.13288155e+01  1.79999972e+02 
 1.44017690e+00  3.13288155e+01  1.79999971e+02 
 1.47338699e+00  3.13288155e+01  1.79999971e+02 
 1.50736290e+00  3.13288155e+01  1.79999970e+02 
 1.54212228e+00  3.13288155e+01  1.79999969e+02 
 1.57768320e+00  3.13288155e+01  1.79999969e+02 
 1.61406415e+00  3.13288155e+01  1.79999968e+02 
 1.65128404e+00  3.13288155e+01  1.79999967e+02 
 1.68936220e+00  3.13288155e+01  1.79999966e+02 
 1.72831844e+00  3.13288155e+01  1.79999966e+02 
 1.76817299e+00  3.13288155e+01  1.79999965e+02 
 1.80894658e+00  3.13288155e+01  1.79999964e+02 
 1.85066040e+00  3.13288155e+01  1.79999963e+02 
 1.89333613e+00  3.13288155e+01  1.79999962e+02 
 1.93699595e+00  3.13288155e+01  1.79999962e+02 
 1.98166255e+00  3.13288155e+01  1.79999961e+02 
 2.02735916e+00  3.13288155e+01  1.79999960e+02 
 2.07410951e+00  3.13288155e+01  1.79999959e+02 
 2.12193792e+00  3.13288155e+01  1.79999958e+02 
 2.17086923e+00  3.13288155e+01  1.79999957e+02 
 2.22092889e+00  3.13288155e+01  1.79999956e+02 
 2.27214291e+00  3.13288155e+01  1.79999955e+02 
 2.32453791e+00  3.13288155e+01  1.79999954e+02 
 2.37814113e+00  3.13288155e+01  1.79999953e+02 
 2.43298042e+00  3.13288155e+01  1.79999952e+02 
 2.48908429e+00  3.13288155e+01  1.79999951e+02 
 2.54648190e+00  3.13288155e+01  1.79999949e+02 
 2.60520309e+00  3.13288155e+01  1.79999948e+02 
 2.66527837e+00  3.13288155e+01  1.79999947e+02 
 2.72673897e+00  3.13288155e+01  1.79999946e+02 
 2.78961683e+00  3.13288155e+01  1.79999945e+02 
 2.85394464e+00  3.13288155e+01  1.79999943e+02 
 2.91975583e+00  3.13288155e+01  1.79999942e+02 
 2.98708461e+00  3.13288155e+01  1.79999941e+02 
 3.05596598e+00  3.13288155e+01  1.79999939e+02 
 3.12643573e+00  3.13288155e+01  1.79999938e+02 
 3.19853049e+00  3.13288155e+01  1.79999936e+02 
 3.27228774e+00  3.13288155e+01  1.79999935e+02 
 3.34774581e+00  3.13288155e+01  1.79999933e+02 
 3.42494392e+00  3.13288155e+01  1.79999932e+02 
 3.50392221e+00  3.13288155e+01  1.79999930e+02 
 3.58472171e+00  3.13288155e+01  1.79999929e+02 
 3.66738442e+00  3.13288155e+01  1.79999927e+02 
 3.75195331e+00  3.13288155e+01  1.79999925e+02 
 3.83847234e+00  3.13288155e+01  1.79999924e+02 
 3.92698648e+00  3.13288155e+01  1.79999922e+02 
 4.01754173e+00  3.13288155e+01  1.79999920e+02 
 4.11018515e+00  3.13288155e+01  1.79999918e+02 
 4.20496491e+00  3.13288155e+01  1.79999916e+02 
 4.30193027e+00  3.13288155e+01  1.79999915e+02 
 4.40113162e+00  3.13288155e+01  1.79999913e+02 
 4.50262052e+00  3.13288155e+01  1.79999911e+02 
 4.60644974e+00  3.13288155e+01  1.79999908e+02 
 4.71267322e+00  3.13288155e+01  1.79999906e+02 
 4.82134619e+00  3.13288155e+01  1.79999904e+02 
 4.93252513e+00  3.13288155e+01  1.79999902e+02 
 5.04626783e+00  3.13288155e+01  1.79999900e+02 
 5.16263340e+00  3.13288155e+01  1.79999897e+02 
 5.28168234e+00  3.13288155e+01  1.79999895e+02 
 5.40347650e+00  3.13288155e+01  1.79999893e+02 
 5.52807921e+00  3.13288155e+01  1.79999890e+02 
 5.65555523e+00  3.13288155e+01  1.79999888e+02 
 5.78597080e+00  3.13288155e+01  1.79999885e+02 
 5.91939372e+00  3.13288155e+01  1.79999882e+02 
 6.05589334e+00  3.13288155e+01  1.79999880e+02 
 6.19554061e+00  3.13288155e+01  1.79999877e+02 
 6.33840810e+00  3.13288155e+01  1.79999874e+02 
 6.48457008e+00  3.13288155e+01  1.79999871e+02 
 6.63410251e+00  3.13288155e+01  1.79999868e+02 
 6.78708313e+00  3.13288155e+01  1.79999865e+02 
 6.94359143e+00  3.13288155e+01  1.79999862e+02 
 7.10370877e+00  3.13288155e+01  1.79999859e+02 
 7.26751838e+00  3.13288155e+01  1.79999856e+02 
 7.43510539e+00  3.13288155e+01  1.79999852e+02 
 7.60655691e+00  3.13288155e+01  1.79999849e+02 
 7.78196206e+00  3.13288155e+01  1.79999845e+02 
 7.96141200e+00  3.13288155e+01  1.79999842e+02 
 8.14500001e+00  3.13288155e+01  1.79999838e+02 
 8.33282151e+00  3.13288155e+01  1.79999834e+02 
 8.52497412e+00  3.13288155e+01  1.79999831e+02 
 8.72155772e+00  3.13288155e+01  1.79999827e+02 
 8.92267449e+00  3.13288155e+01  1.79999823e+02 
 9.12842895e+00  3.13288155e+01  1.79999819e+02 
 9.33892805e+00  3.13288155e+01  1.79999814e+02 
 9.55428121e+00  3.13288155e+01  1.79999810e+02 
 9.77460036e+00  3.13288155e+01  1.79999806e+02 
 1.00000000e+01  3.13288155e+01  1.79999801e+02 
 1.02305973e+01  3.13288155e+01  1.79999797e+02 
 1.04665121e+01  3.13288155e+01  1.79999792e+02 
 1.07078670e+01  3.13288155e+01  1.79999787e+02 
 1.09547876e+01  3.13288155e+01  1.79999782e+02 
 1.12074020e+01  3.13288155e+01  1.79999777e+02 
 1.14658417e+01  3.13288155e+01  1.79999772e+02 
 1.17302409e+01  3.13288155e+01  1.79999767e+02 
 1.20007371e+01  3.13288155e+01  1.79999761e+02 
 1.22774708e+01  3.13288155e+01  1.79999756e+02 
 1.25605860e+01  3.13288155e+01  1.79999750e+02 
 1.28502297e+01  3.13288155e+01  1.79999745e+02 
 1.31465525e+01  3.13288155e+01  1.79999739e+02 
 1.34497085e+01  3.13288155e+01  1.79999733e+02 
 1.37598551e+01  3.13288155e+01  1.79999727e+02 
 1.40771537e+01  3.13288155e+01  1.79999720e+02 
 1.44017690e+01  3.13288155e+01  1.79999714e+02 
 1.47338699e+01  3.13288155e+01  1.79999707e+02 
 1.50736290e+01  3.13288155e+01  1.79999700e+02 
 1.54212228e+01  3.13288155e+01  1.79999694e+02 
 1.57768320e+01  3.13288155e+01  1.79999686e+02 
 1.61406415e+01  3.13288155e+01  1.79999679e+02 
 1.65128404e+01  3.13288155e+01  1.79999672e+02 
 1.68936220e+01  3.13288155e+01  1.79999664e+02 
 1.72831844e+01  3.13288155e+01  1.79999657e+02 
 1.76817299e+01  3.13288155e+01  1.79999649e+02 
 1.80894658e+01  3.13288155e+01  1.79999640e+02 
 1.85066040e+01  3.13288155e+01  1.79999632e+02 
 1.89333613e+01  3.13288155e+01  1.79999624e+02 
 1.93699595e+01  3.13288155e+01  1.79999615e+02 
 1.98166255e+01  3.13288155e+01  1.79999606e+02 
 2.02735916e+01  3.13288155e+01  1.79999597e+02 
 2.07410951e+01  3.13288155e+01  1.79999588e+02 
 2.12193792e+01  3.13288155e+01  1.79999578e+02 
 2.17086923e+01  3.13288155e+01  1.79999569e+02 
 2.22092889e+01  3.13288155e+01  1.79999559e+02 
 2.27214291e+01  3.13288155e+01  1.79999548e+02 
 2.32453791e+01  3.13288155e+01  1.79999538e+02 
 2.37814113e+01  3.13288155e+01  1.79999527e+02 
 2.43298042e+01  3.13288155e+01  1.79999516e+02 
 2.48908429e+01  3.13288155e+01  1.79999505e+02 
 2.54648190e+01  3.13288155e+01  1.79999494e+02 
 2.60520309e+01  3.13288155e+01  1.79999482e+02 
 2.66527837e+01  3.13288155e+01  1.79999470e+02 
 2.72673897e+01  3.13288155e+01  1.79999458e+02 
 2.78961683e+01  3.13288155e+01  1.79999446e+02 
 2.85394464e+01  3.13288155e+01  1.79999433e+02 
 2.91975583e+01  3.13288155e+01  1.79999420e+02 
 2.98708461e+01  3.13288155e+01  1.79999406e+02 
 3.05596598e+01  3.13288155e+01  1.79999393e+02 
 3.12643573e+01  3.13288155e+01  1.79999379e+02 
 3.19853049e+01  3.13288155e+01  1.79999364e+02 
 3.27228774e+01  3.13288155e+01  1.79999350e+02 
 3.34774581e+01  3.13288155e+01  1.79999335e+02 
 3.42494392e+01  3.13288155e+01  1.79999319e+02 
 3.50392221e+01  3.13288155e+01  1.79999304e+02 
 3.58472171e+01  3.13288155e+01  1.79999288e+02 
 3.66738442e+01  3.13288155e+01  1.79999271e+02 
 3.75195331e+01  3.13288155e+01  1.79999254e+02 
 3.83847234e+01  3.13288155e+01  1.79999237e+02 
 3.92698648e+01  3.13288155e+01  1.79999220e+02 
 4.01754173e+01  3.13288155e+01  1.79999202e+02 
 4.11018515e+01  3.13288155e+01  1.79999183e+02 
 4.20496491e+01  3.13288155e+01  1.79999164e+02 
 4.30193027e+01  3.13288155e+01  1.79999145e+02 
 4.40113162e+01  3.13288155e+01  1.79999125e+02 
 4.50262052e+01  3.13288155e+01  1.79999105e+02 
 4.60644974e+01  3.13288155e+01  1.79999084e+02 
 4.71267322e+01  3.13288155e+01  1.79999063e+02 
 4.82134619e+01  3.13288155e+01  1.79999042e+02 
 4.93252513e+01  3.13288155e+01  1.79999020e+02 
 5.04626783e+01  3.13288155e+01  1.79998997e+02 
 5.16263340e+01  3.13288155e+01  1.79998974e+02 
 5.28168234e+01  3.13288155e+01  1.79998950e+02 
 5.40347650e+01  3.13288155e+01  1.79998926e+02 
 5.52807921e+01  3.13288155e+01  1.79998901e+02 
 5.65555523e+01  3.13288155e+01  1.79998876e+02 
 5.78597080e+01  3.13288155e+01  1.79998850e+02 
 5.91939372e+01  3.13288155e+01  1.79998824e+02 
 6.05589334e+01  3.13288155e+01  1.79998796e+02 
 6.19554061e+01  3.13288155e+01  1.79998769e+02 
 6.33840810e+01  3.13288155e+01  1.79998740e+02 
 6.48457008e+01  3.13288155e+01  1.79998711e+02 
 6.63410251e+01  3.13288155e+01  1.79998681e+02 
 6.78708313e+01  3.13288155e+01  1.79998651e+02 
 6.94359143e+01  3.13288155e+01  1.79998620e+02 
 7.10370877e+01  3.13288155e+01  1.79998588e+02 
 7.26751838e+01  3.13288155e+01  1.79998556e+02 
 7.43510539e+01  3.13288155e+01  1.79998522e+02 
 7.60655691e+01  3.13288155e+01  1.79998488e+02 
 7.78196206e+01  3.13288155e+01  1.79998453e+02 
 7.96141200e+01  3.13288155e+01  1.79998418e+02 
 8.14500001e+01  3.13288155e+01  1.79998381e+02 
 8.33282151e+01  3.13288155e+01  1.79998344e+02 
 8.52497412e+01  3.13288155e+01  1.79998306e+02 
 8.72155772e+01  3.13288155e+01  1.79998267e+02 
 8.92267449e+01  3.13288155e+01  1.79998227e+02 
 9.12842895e+01  3.13288155e+01  1.79998186e+02 
 9.33892805e+01  3.13288155e+01  1.79998144e+02 
 9.55428121e+01  3.13288155e+01  1.79998101e+02 
 9.77460036e+01  3.13288155e+01  1.79998057e+02 
 1.00000000e+02  3.13288155e+01  1.79998013e+02 
 1.02305973e+02  3.13288155e+01  1.79997967e+02 
 1.04665121e+02  3.13288155e+01  1.79997920e+02 
 1.07078670e+02  3.13288155e+01  1.79997872e+02 
 1.09547876e+02  3.13288155e+01  1.79997823e+02 
 1.12074020e+02  3.13288155e+01  1.79997773e+02 
 1.14658417e+02  3.13288155e+01  1.79997721e+02 
 1.17302409e+02  3.13288155e+01  1.79997669e+02 
 1.20007371e+02  3.13288155e+01  1.79997615e+02 
 1.22774708e+02  3.13288155e+01  1.79997560e+02 
 1.25605860e+02  3.13288155e+01  1.79997504e+02 
 1.28502297e+02  3.13288155e+01  1.79997446e+02 
 1.31465525e+02  3.13288155e+01  1.79997387e+02 
 1.34497085e+02  3.13288155e+01  1.79997327e+02 
 1.37598551e+02  3.13288155e+01  1.79997265e+02 
 1.40771537e+02  3.13288155e+01  1.79997202e+02 
 1.44017690e+02  3.13288155e+01  1.79997138e+02 
 1.47338699e+02  3.13288155e+01  1.79997072e+02 
 1.50736290e+02  3.13288155e+01  1.79997004e+02 
 1.54212228e+02  3.13288155e+01  1.79996935e+02 
 1.57768320e+02  3.13288155e+01  1.79996864e+02 
 1.61406415e+02  3.13288155e+01  1.79996792e+02 
 1.65128404e+02  3.13288155e+01  1.79996718e+02 
 1.68936220e+02  3.13288155e+01  1.79996642e+02 
 1.72831844e+02  3.13288155e+01  1.79996565e+02 
 1.76817299e+02  3.13288155e+01  1.79996486e+02 
 1.80894658e+02  3.13288155e+01  1.79996405e+02 
 1.85066040e+02  3.13288155e+01  1.79996322e+02 
 1.89333613e+02  3.13288155e+01  1.79996237e+02 
 1.93699595e+02  3.13288155e+01  1.79996150e+02 
 1.98166255e+02  3.13288155e+01  1.79996062e+02 
 2.02735916e+02  3.13288155e+01  1.79995971e+02 
 2.07410951e+02  3.13288155e+01  1.79995878e+02 
 2.12193792e+02  3.13288155e+01  1.79995783e+02 
 2.17086923e+02  3.13288155e+01  1.79995685e+02 
 2.22092889e+02  3.13288155e+01  1.79995586e+02 
 2.27214291e+02  3.13288155e+01  1.79995484e+02 
 2.32453791e+02  3.13288155e+01  1.79995380e+02 
 2.37814113e+02  3.13288155e+01  1.79995274e+02 
 2.43298042e+02  3.13288155e+01  1.79995165e+02 
 2.48908429e+02  3.13288155e+01  1.79995053e+02 
 2.54648190e+02  3.13288155e+01  1.79994939e+02 
 2.60520309e+02  3.13288155e+01  1.79994822e+02 
 2.66527837e+02  3.13288155e+01  1.79994703e+02 
 2.72673897e+02  3.13288155e+01  1.79994581e+02 
 2.78961683e+02  3.13288155e+01  1.79994456e+02 
 2.85394464e+02  3.13288155e+01  1.79994328e+02 
 2.91975583e+02  3.13288155e+01  1.79994197e+02 
 2.98708461e+02  3.13288155e+01  1.79994063e+02 
 3.05596598e+02  3.13288155e+01  1.79993926e+02 
 3.12643573e+02  3.13288155e+01  1.79993786e+02 
 3.19853049e+02  3.13288155e+01  1.79993643e+02 
 3.27228774e+02  3.13288155e+01  1.79993496e+02 
 3.34774581e+02  3.13288155e+01  1.79993346e+02 
 3.42494392e+02  3.13288155e+01  1.79993193e+02 
 3.50392221e+02  3.13288155e+01  1.79993036e+02 
 3.58472171e+02  3.13288155e+01  1.79992876e+02 
 3.66738442e+02  3.13288155e+01  1.79992711e+02 
 3.75195331e+02  3.13288155e+01  1.79992543e+02 
 3.83847234e+02  3.13288155e+01  1.79992371e+02 
 3.92698648e+02  3.13288154e+01  1.79992195e+02 
 4.01754173e+02  3.13288154e+01  1.79992015e+02 
 4.11018515e+02  3.13288154e+01  1.79991831e+02 
 4.20496491e+02  3.13288154e+01  1.79991643e+02 
 4.30193027e+02  3.13288154e+01  1.79991450e+02 
 4.40113162e+02  3.13288154e+01  1.79991253e+02 
 4.50262052e+02  3.13288154e+01  1.79991051e+02 
 4.60644974e+02  3.13288154e+01  1.79990845e+02 
 4.71267322e+02  3.13288154e+01  1.79990634e+02 
 4.82134619e+02  3.13288154e+01  1.79990418e+02 
 4.93252513e+02  3.13288154e+01  1.79990197e+02 
 5.04626783e+02  3.13288154e+01  1.79989971e+02 
 5.16263340e+02  3.13288154e+01  1.79989739e+02 
 5.28168234e+02  3.13288154e+01  1.79989503e+02 
 5.40347650e+02  3.13288154e+01  1.79989261e+02 
 5.52807921e+02  3.13288154e+01  1.79989013e+02 
 5.65555523e+02  3.13288154e+01  1.79988760e+02 
 5.78597080e+02  3.13288154e+01  1.79988501e+02 
 5.91939372e+02  3.13288153e+01  1.79988235e+02 
 6.05589334e+02  3.13288153e+01  1.79987964e+02 
 6.19554061e+02  3.13288153e+01  1.79987687e+02 
 6.33840810e+02  3.13288153e+01  1.79987403e+02 
 6.48457008e+02  3.13288153e+01  1.79987112e+02 
 6.63410251e+02  3.13288153e+01  1.79986815e+02 
 6.78708313e+02  3.13288153e+01  1.79986511e+02 
 6.94359143e+02  3.13288153e+01  1.79986200e+02 
 7.10370877e+02  3.13288153e+01  1.79985882e+02 
 7.26751838e+02  3.13288153e+01  1.79985556e+02 
 7.43510539e+02  3.13288152e+01  1.79985223e+02 
 7.60655691e+02  3.13288152e+01  1.79984882e+02 
 7.78196206e+02  3.13288152e+01  1.79984534e+02 
 7.96141200e+02  3.13288152e+01  1.79984177e+02 
 8.14500001e+02  3.13288152e+01  1.79983812e+02 
 8.33282151e+02  3.13288152e+01  1.79983439e+02 
 8.52497412e+02  3.13288152e+01  1.79983057e+02 
 8.72155772e+02  3.13288151e+01  1.79982666e+02 
 8.92267449e+02  3.13288151e+01  1.79982267e+02 
 9.12842895e+02  3.13288151e+01  1.79981858e+02 
 9.33892805e+02  3.13288151e+01  1.79981439e+02 
 9.55428121e+02  3.13288151e+01  1.79981011e+02 
 9.77460036e+02  3.13288150e+01  1.79980573e+02 
 1.00000000e+03  3.13288150e+01  1.79980125e+02 
 1.02305973e+03  3.13288150e+01  1.79979667e+02 
 1.04665121e+03  3.13288150e+01  1.79979198e+02 
 1.07078670e+03  3.13288149e+01  1.79978719e+02 
 1.09547876e+03  3.13288149e+01  1.79978228e+02 
 1.12074020e+03  3.13288149e+01  1.79977726e+02 
 1.14658417e+03  3.13288148e+01  1.79977212e+02 
 1.17302409e+03  3.13288148e+01  1.79976687e+02 
 1.20007371e+03  3.13288148e+01  1.79976149e+02 
 1.22774708e+03  3.13288147e+01  1.79975599e+02 
 1.25605860e+03  3.13288147e+01  1.79975036e+02 
 1.28502297e+03  3.13288147e+01  1.79974461e+02 
 1.31465525e+03  3.13288146e+01  1.79973872e+02 
 1.34497085e+03  3.13288146e+01  1.79973269e+02 
 1.37598551e+03  3.13288145e+01  1.79972653e+02 
 1.40771537e+03  3.13288145e+01  1.79972022e+02 
 1.44017690e+03  3.13288144e+01  1.79971377e+02 
 1.47338699e+03  3.13288144e+01  1.79970717e+02 
 1.50736290e+03  3.13288143e+01  1.79970042e+02 
 1.54212228e+03  3.13288143e+01  1.79969351e+02 
 1.57768320e+03  3.13288142e+01  1.79968644e+02 
 1.61406415e+03  3.13288142e+01  1.79967921e+02 
 1.65128404e+03  3.13288141e+01  1.79967181e+02 
 1.68936220e+03  3.13288140e+01  1.79966425e+02 
 1.72831844e+03  3.13288140e+01  1.79965650e+02 
 1.76817299e+03  3.13288139e+01  1.79964858e+02 
 1.80894658e+03  3.13288138e+01  1.79964048e+02 
 1.85066040e+03  3.13288137e+01  1.79963219e+02 
 1.89333613e+03  3.13288137e+01  1.79962371e+02 
 1.93699595e+03  3.13288136e+01  1.79961503e+02 
 1.98166255e+03  3.13288135e+01  1.79960615e+02 
 2.02735916e+03  3.13288134e+01  1.79959707e+02 
 2.07410951e+03  3.13288133e+01  1.79958778e+02 
 2.12193792e+03  3.13288132e+01  1.79957827e+02 
 2.17086923e+03  3.13288131e+01  1.79956855e+02 
 2.22092889e+03  3.13288130e+01  1.79955860e+02 
 2.27214291e+03  3.13288128e+01  1.79954842e+02 
 2.32453791e+03  3.13288127e+01  1.79953801e+02 
 2.37814113e+03  3.13288126e+01  1.79952735e+02 
 2.43298042e+03  3.13288124e+01  1.79951646e+02 
 2.48908429e+03  3.13288123e+01  1.79950530e+02 
 2.54648190e+03  3.13288122e+01  1.79949390e+02 
 2.60520309e+03  3.13288120e+01  1.79948223e+02 
 2.66527837e+03  3.13288118e+01  1.79947029e+02 
 2.72673897e+03  3.13288117e+01  1.79945807e+02 
 2.78961683e+03  3.13288115e+01  1.79944558e+02 
 2.85394464e+03  3.13288113e+01  1.79943279e+02 
 2.91975583e+03  3.13288111e+01  1.79941971e+02 
 2.98708461e+03  3.13288109e+01  1.79940633e+02 
 3.05596598e+03  3.13288107e+01  1.79939264e+02 
 3.12643573e+03  3.13288104e+01  1.79937863e+02 
 3.19853049e+03  3.13288102e+01  1.79936431e+02 
 3.27228774e+03  3.13288099e+01  1.79934965e+02 
 3.34774581e+03  3.13288097e+01  1.79933465e+02 
 3.42494392e+03  3.13288094e+01  1.79931931e+02 
 3.50392221e+03  3.13288091e+01  1.79930361e+02 
 3.58472171e+03  3.13288088e+01  1.79928755e+02 
 3.66738442e+03  3.13288085e+01  1.79927112e+02 
 3.75195331e+03  3.13288082e+01  1.79925432e+02 
 3.83847234e+03  3.13288079e+01  1.79923712e+02 
 3.92698648e+03  3.13288075e+01  1.79921953e+02 
 4.01754173e+03  3.13288071e+01  1.79920153e+02 
 4.11018515e+03  3.13288067e+01  1.79918312e+02 
 4.20496491e+03  3.13288063e+01  1.79916428e+02 
 4.30193027e+03  3.13288059e+01  1.79914501e+02 
 4.40113162e+03  3.13288054e+01  1.79912529e+02 
 4.50262052e+03  3.13288050e+01  1.79910512e+02 
 4.60644974e+03  3.13288045e+01  1.79908449e+02 
 4.71267322e+03  3.13288040e+01  1.79906338e+02 
 4.82134619e+03  3.13288034e+01  1.79904178e+02 
 4.93252513e+03  3.13288028e+01  1.79901968e+02 
 5.04626783e+03  3.13288023e+01  1.79899708e+02 
 5.16263340e+03  3.13288016e+01  1.79897395e+02 
 5.28168234e+03  3.13288010e+01  1.79895029e+02 
 5.40347650e+03  3.13288003e+01  1.79892608e+02 
 5.52807921e+03  3.13287996e+01  1.79890132e+02 
 5.65555523e+03  3.13287989e+01  1.79887598e+02 
 5.78597080e+03  3.13287981e+01  1.79885006e+02 
 5.91939372e+03  3.13287973e+01  1.79882355e+02 
 6.05589334e+03  3.13287964e+01  1.79879642e+02 
 6.19554061e+03  3.13287955e+01  1.79876866e+02 
 6.33840810e+03  3.13287946e+01  1.79874027e+02 
 6.48457008e+03  3.13287936e+01  1.79871122e+02 
 6.63410251e+03  3.13287926e+01  1.79868150e+02 
 6.78708313e+03  3.13287915e+01  1.79865110e+02 
 6.94359143e+03  3.13287904e+01  1.79861999e+02 
 7.10370877e+03  3.13287892e+01  1.79858817e+02 
 7.26751838e+03  3.13287880e+01  1.79855561e+02 
 7.43510539e+03  3.13287867e+01  1.79852231e+02 
 7.60655691e+03  3.13287854e+01  1.79848823e+02 
 7.78196206e+03  3.13287840e+01  1.79845337e+02 
 7.96141200e+03  3.13287825e+01  1.79841771e+02 
 8.14500001e+03  3.13287810e+01  1.79838122e+02 
 8.33282151e+03  3.13287793e+01  1.79834389e+02 
 8.52497412e+03  3.13287777e+01  1.79830570e+02 
 8.72155772e+03  3.13287759e+01  1.79826663e+02 
 8.92267449e+03  3.13287740e+01  1.79822666e+02 
 9.12842895e+03  3.13287721e+01  1.79818577e+02 
 9.33892805e+03  3.13287701e+01  1.79814393e+02 
 9.55428121e+03  3.13287680e+01  1.79810113e+02 
 9.77460036e+03  3.13287657e+01  1.79805735e+02 
 1.00000000e+04  3.13287634e+01  1.79801255e+02 
 1.02305973e+04  3.13287610e+01  1.79796672e+02 
 1.04665121e+04  3.13287584e+01  1.79791983e+02 
 1.07078670e+04  3.13287558e+01  1.79787187e+02 
 1.09547876e+04  3.13287530e+01  1.79782279e+02 
 1.12074020e+04  3.13287501e+01  1.79777259e+02 
 1.14658417e+04  3.13287470e+01  1.79772122e+02 
 1.17302409e+04  3.13287438e+01  1.79766868e+02 
 1.20007371e+04  3.13287405e+01  1.79761492e+02 
 1.22774708e+04  3.13287370e+01  1.79755992e+02 
 1.25605860e+04  3.13287333e+01  1.79750365e+02 
 1.28502297e+04  3.13287295e+01  1.79744609e+02 
 1.31465525e+04  3.13287255e+01  1.79738720e+02 
 1.34497085e+04  3.13287213e+01  1.79732695e+02 
 1.37598551e+04  3.13287169e+01  1.79726531e+02 
 1.40771537e+04  3.13287123e+01  1.79720225e+02 
 1.44017690e+04  3.13287074e+01  1.79713773e+02 
 1.47338699e+04  3.13287024e+01  1.79707173e+02 
 1.50736290e+04  3.13286971e+01  1.79700421e+02 
 1.54212228e+04  3.13286916e+01  1.79693512e+02 
 1.57768320e+04  3.13286858e+01  1.79686445e+02 
 1.61406415e+04  3.13286798e+01  1.79679215e+02 
 1.65128404e+04  3.13286734e+01  1.79671818e+02 
 1.68936220e+04  3.13286668e+01  1.79664250e+02 
 1.72831844e+04  3.13286599e+01  1.79656508e+02 
 1.76817299e+04  3.13286526e+01  1.79648587e+02 
 1.80894658e+04  3.13286450e+01  1.79640484e+02 
 1.85066040e+04  3.13286370e+01  1.79632194e+02 
 1.89333613e+04  3.13286287e+01  1.79623713e+02 
 1.93699595e+04  3.13286200e+01  1.79615036e+02 
 1.98166255e+04  3.13286109e+01  1.79606159e+02 
 2.02735916e+04  3.13286013e+01  1.79597077e+02 
 2.07410951e+04  3.13285913e+01  1.79587786e+02 
 2.12193792e+04  3.13285809e+01  1.79578281e+02 
 2.17086923e+04  3.13285699e+01  1.79568557e+02 
 2.22092889e+04  3.13285585e+01  1.79558608e+02 
 2.27214291e+04  3.13285465e+01  1.79548430e+02 
 2.32453791e+04  3.13285339e+01  1.79538018e+02 
 2.37814113e+04  3.13285208e+01  1.79527365e+02 
 2.43298042e+04  3.13285070e+01  1.79516467e+02 
 2.48908429e+04  3.13284926e+01  1.79505317e+02 
 2.54648190e+04  3.13284776e+01  1.79493910e+02 
 2.60520309e+04  3.13284618e+01  1.79482241e+02 
 2.66527837e+04  3.13284453e+01  1.79470302e+02 
 2.72673897e+04  3.13284281e+01  1.79458088e+02 
 2.78961683e+04  3.13284100e+01  1.79445592e+02 
 2.85394464e+04  3.13283911e+01  1.79432809e+02 
 2.91975583e+04  3.13283713e+01  1.79419730e+02 
 2.98708461e+04  3.13283505e+01  1.79406350e+02 
 3.05596598e+04  3.13283288e+01  1.79392662e+02 
 3.12643573e+04  3.13283061e+01  1.79378658e+02 
 3.19853049e+04  3.13282824e+01  1.79364331e+02 
 3.27228774e+04  3.13282575e+01  1.79349674e+02 
 3.34774581e+04  3.13282315e+01  1.79334679e+02 
 3.42494392e+04  3.13282042e+01  1.79319338e+02 
 3.50392221e+04  3.13281757e+01  1.79303644e+02 
 3.58472171e+04  3.13281459e+01  1.79287588e+02 
 3.66738442e+04  3.13281146e+01  1.79271162e+02 
 3.75195331e+04  3.13280819e+01  1.79254357e+02 
 3.83847234e+04  3.13280477e+01  1.79237164e+02 
 3.92698648e+04  3.13280119e+01  1.79219576e+02 
 4.01754173e+04  3.13279744e+01  1.79201582e+02 
 4.11018515e+04  3.13279352e+01  1.79183173e+02 
 4.20496491e+04  3.13278941e+01  1.79164340e+02 
 4.30193027e+04  3.13278511e+01  1.79145072e+02 
 4.40113162e+04  3.13278061e+01  1.79125361e+02 
 4.50262052e+04  3.13277591e+01  1.79105195e+02 
 4.60644974e+04  3.13277098e+01  1.79084565e+02 
 4.71267322e+04  3.13276582e+01  1.79063459e+02 
 4.82134619e+04  3.13276042e+01  1.79041866e+02 
 4.93252513e+04  3.13275477e+01  1.79019776e+02 
 5.04626783e+04  3.13274886e+01  1.78997177e+02 
 5.16263340e+04  3.13274267e+01  1.78974057e+02 
 5.28168234e+04  3.13273619e+01  1.78950404e+02 
 5.40347650e+04  3.13272941e+01  1.78926207e+02 
 5.52807921e+04  3.13272231e+01  1.78901451e+02 
 5.65555523e+04  3.13271489e+01  1.78876125e+02 
 5.78597080e+04  3.13270711e+01  1.78850216e+02 
 5.91939372e+04  3.13269898e+01  1.78823710e+02 
 6.05589334e+04  3.13269046e+01  1.78796593e+02 
 6.19554061e+04  3.13268155e+01  1.78768851e+02 
 6.33840810e+04  3.13267222e+01  1.78740470e+02 
 6.48457008e+04  3.13266246e+01  1.78711435e+02 
 6.63410251e+04  3.13265224e+01  1.78681731e+02 
 6.78708313e+04  3.13264155e+01  1.78651343e+02 
 6.94359143e+04  3.13263035e+01  1.78620256e+02 
 7.10370877e+04  3.13261864e+01  1.78588452e+02 
 7.26751838e+04  3.13260638e+01  1.78555915e+02 
 7.43510539e+04  3.13259354e+01  1.78522630e+02 
 7.60655691e+04  3.13258011e+01  1.78488578e+02 
 7.78196206e+04  3.13256605e+01  1.78453741e+02 
 7.96141200e+04  3.13255134e+01  1.78418103e+02 
 8.14500001e+04  3.13253594e+01  1.78381644e+02 
 8.33282151e+04  3.13251983e+01  1.78344345e+02 
 8.52497412e+04  3.13250296e+01  1.78306188e+02 
 8.72155772e+04  3.13248530e+01  1.78267153e+02 
 8.92267449e+04  3.13246683e+01  1.78227219e+02 
 9.12842895e+04  3.13244749e+01  1.78186366e+02 
 9.33892805e+04  3.13242725e+01  1.78144573e+02 
 9.55428121e+04  3.13240607e+01  1.78101818e+02 
 9.77460036e+04  3.13238390e+01  1.78058080e+02 
 1.00000000e+05  3.13236070e+01  1.78013335e+02 
 1.02305973e+05  3.13233641e+01  1.77967561e+02 
 1.04665121e+05  3.13231100e+01  1.77920734e+02 
 1.07078670e+05  3.13228440e+01  1.77872830e+02 
 1.09547876e+05  3.13225656e+01  1.77823824e+02 
 1.12074020e+05  3.13222743e+01  1.77773692e+02 
 1.14658417e+05  3.13219694e+01  1.77722407e+02 
 1.17302409e+05  3.13216502e+01  1.77669943e+02 
 1.20007371e+05  3.13213163e+01  1.77616274e+02 
 1.22774708e+05  3.13209667e+01  1.77561371e+02 
 1.25605860e+05  3.13206009e+01  1.77505207e+02 
 1.28502297e+05  3.13202181e+01  1.77447753e+02 
 1.31465525e+05  3.13198174e+01  1.77388979e+02 
 1.34497085e+05  3.13193981e+01  1.77328855e+02 
 1.37598551e+05  3.13189593e+01  1.77267351e+02 
 1.40771537e+05  3.13185000e+01  1.77204436e+02 
 1.44017690e+05  3.13180194e+01  1.77140076e+02 
 1.47338699e+05  3.13175164e+01  1.77074240e+02 
 1.50736290e+05  3.13169900e+01  1.77006893e+02 
 1.54212228e+05  3.13164391e+01  1.76938003e+02 
 1.57768320e+05  3.13158625e+01  1.76867532e+02 
 1.61406415e+05  3.13152592e+01  1.76795447e+02 
 1.65128404e+05  3.13146278e+01  1.76721709e+02 
 1.68936220e+05  3.13139671e+01  1.76646283e+02 
 1.72831844e+05  3.13132756e+01  1.76569129e+02 
 1.76817299e+05  3.13125520e+01  1.76490209e+02 
 1.80894658e+05  3.13117948e+01  1.76409482e+02 
 1.85066040e+05  3.13110024e+01  1.76326909e+02 
 1.89333613e+05  3.13101732e+01  1.76242448e+02 
 1.93699595e+05  3.13093054e+01  1.76156055e+02 
 1.98166255e+05  3.13083974e+01  1.76067689e+02 
 2.02735916e+05  3.13074472e+01  1.75977304e+02 
 2.07410951e+05  3.13064529e+01  1.75884855e+02 
 2.12193792e+05  3.13054125e+01  1.75790297e+02 
 2.17086923e+05  3.13043238e+01  1.75693582e+02 
 2.22092889e+05  3.13031846e+01  1.75594663e+02 
 2.27214291e+05  3.13019925e+01  1.75493489e+02 
 2.32453791e+05  3.13007452e+01  1.75390011e+02 
 2.37814113e+05  3.12994401e+01  1.75284178e+02 
 2.43298042e+05  3.12980746e+01  1.75175938e+02 
 2.48908429e+05  3.12966458e+01  1.75065237e+02 
 2.54648190e+05  3.12951508e+01  1.74952022e+02 
 2.60520309e+05  3.12935867e+01  1.74836237e+02 
 2.66527837e+05  3.12919502e+01  1.74717825e+02 
 2.72673897e+05  3.12902380e+01  1.74596730e+02 
 2.78961683e+05  3.12884466e+01  1.74472892e+02 
 2.85394464e+05  3.12865725e+01  1.74346251e+02 
 2.91975583e+05  3.12846118e+01  1.74216748e+02 
 2.98708461e+05  3.12825606e+01  1.74084319e+02 
 3.05596598e+05  3.12804147e+01  1.73948902e+02 
 3.12643573e+05  3.12781699e+01  1.73810432e+02 
 3.19853049e+05  3.12758216e+01  1.73668844e+02 
 3.27228774e+05  3.12733650e+01  1.73524070e+02 
 3.34774581e+05  3.12707954e+01  1.73376044e+02 
 3.42494392e+05  3.12681075e+01  1.73224696e+02 
 3.50392221e+05  3.12652960e+01  1.73069956e+02 
 3.58472171e+05  3.12623553e+01  1.72911752e+02 
 3.66738442e+05  3.12592796e+01  1.72750012e+02 
 3.75195331e+05  3.12560627e+01  1.72584662e+02 
 3.83847234e+05  3.12526982e+01  1.72415627e+02 
 3.92698648e+05  3.12491796e+01  1.72242831e+02 
 4.01754173e+05  3.12454999e+01  1.72066196e+02 
 4.11018515e+05  3.12416519e+01  1.71885645e+02 
 4.20496491e+05  3.12376280e+01  1.71701097e+02 
 4.30193027e+05  3.12334204e+01  1.71512472e+02 
 4.40113162e+05  3.12290209e+01  1.71319688e+02 
 4.50262052e+05  3.12244208e+01  1.71122663e+02 
 4.60644974e+05  3.12196114e+01  1.70921313e+02 
 4.71267322e+05  3.12145834e+01  1.70715552e+02 
 4.82134619e+05  3.12093270e+01  1.70505295e+02 
 4.93252513e+05  3.12038321e+01  1.70290455e+02 
 5.04626783e+05  3.11980884e+01  1.70070945e+02 
 5.16263340e+05  3.11920848e+01  1.69846676e+02 
 5.28168234e+05  3.11858101e+01  1.69617560e+02 
 5.40347650e+05  3.11792523e+01  1.69383505e+02 
 5.52807921e+05  3.11723992e+01  1.69144422e+02 
 5.65555523e+05  3.11652379e+01  1.68900220e+02 
 5.78597080e+05  3.11577552e+01  1.68650806e+02 
 5.91939372e+05  3.11499372e+01  1.68396090e+02 
 6.05589334e+05  3.11417695e+01  1.68135978e+02 
 6.19554061e+05  3.11332372e+01  1.67870379e+02 
 6.33840810e+05  3.11243248e+01  1.67599200e+02 
 6.48457008e+05  3.11150162e+01  1.67322347e+02 
 6.63410251e+05  3.11052946e+01  1.67039730e+02 
 6.78708313e+05  3.10951427e+01  1.66751255e+02 
 6.94359143e+05  3.10845426e+01  1.66456831e+02 
 7.10370877e+05  3.10734757e+01  1.66156368e+02 
 7.26751838e+05  3.10619226e+01  1.65849774e+02 
 7.43510539e+05  3.10498633e+01  1.65536960e+02 
 7.60655691e+05  3.10372772e+01  1.65217838e+02 
 7.78196206e+05  3.10241429e+01  1.64892322e+02 
 7.96141200e+05  3.10104383e+01  1.64560325e+02 
 8.14500001e+05  3.09961406e+01  1.64221763e+02 
 8.33282151e+05  3.09812261e+01  1.63876556e+02 
 8.52497412e+05  3.09656704e+01  1.63524624e+02 
 8.72155772e+05  3.09494485e+01  1.63165888e+02 
 8.92267449e+05  3.09325346e+01  1.62800276e+02 
 9.12842895e+05  3.09149018e+01  1.62427715e+02 
 9.33892805e+05  3.08965228e+01  1.62048138e+02 
 9.55428121e+05  3.08773693e+01  1.61661479e+02 
 9.77460036e+05  3.08574124e+01  1.61267679e+02 
 1.00000000e+06  3.08366222e+01  1.60866681e+02 
 1.02305973e+06  3.08149682e+01  1.60458432e+02 
 1.04665121e+06  3.07924190e+01  1.60042886e+02 
 1.07078670e+06  3.07689427e+01  1.59620001e+02 
 1.09547876e+06  3.07445063e+01  1.59189741e+02 
 1.12074020e+06  3.07190764e+01  1.58752074e+02 
 1.14658417e+06  3.06926186e+01  1.58306978e+02 
 1.17302409e+06  3.06650981e+01  1.57854435e+02 
 1.20007371e+06  3.06364794e+01  1.57394434e+02 
 1.22774708e+06  3.06067261e+01  1.56926972e+02 
 1.25605860e+06  3.05758016e+01  1.56452055e+02 
 1.28502297e+06  3.05436686e+01  1.55969696e+02 
 1.31465525e+06  3.05102893e+01  1.55479915e+02 
 1.34497085e+06  3.04756254e+01  1.54982743e+02 
 1.37598551e+06  3.04396383e+01  1.54478221e+02 
 1.40771537e+06  3.04022891e+01  1.53966396e+02 
 1.44017690e+06  3.03635385e+01  1.53447329e+02 
 1.47338699e+06  3.03233471e+01  1.52921089e+02 
 1.50736290e+06  3.02816753e+01  1.52387756e+02 
 1.54212228e+06  3.02384836e+01  1.51847420e+02 
 1.57768320e+06  3.01937323e+01  1.51300183e+02 
 1.61406415e+06  3.01473821e+01  1.50746158e+02 
 1.65128404e+06  3.00993936e+01  1.50185469e+02 
 1.68936220e+06  3.00497280e+01  1.49618253e+02 
 1.72831844e+06  2.99983466e+01  1.49044656e+02 
 1.76817299e+06  2.99452115e+01  1.48464838e+02 
 1.80894658e+06  2.98902852e+01  1.47878971e+02 
 1.85066040e+06  2.98335311e+01  1.47287236e+02 
 1.89333613e+06  2.97749131e+01  1.46689830e+02 
 1.93699595e+06  2.97143963e+01  1.46086957e+02 
 1.98166255e+06  2.96519467e+01  1.45478835e+02 
 2.02735916e+06  2.95875316e+01  1.44865693e+02 
 2.07410951e+06  2.95211193e+01  1.44247771e+02 
 2.12193792e+06  2.94526798e+01  1.43625320e+02 
 2.17086923e+06  2.93821841e+01  1.42998599e+02 
 2.22092889e+06  2.93096053e+01  1.42367879e+02 
 2.27214291e+06  2.92349177e+01  1.41733440e+02 
 2.32453791e+06  2.91580976e+01  1.41095571e+02 
 2.37814113e+06  2.90791232e+01  1.40454567e+02 
 2.43298042e+06  2.89979744e+01  1.39810735e+02 
 2.48908429e+06  2.89146333e+01  1.39164384e+02 
 2.54648190e+06  2.88290841e+01  1.38515833e+02 
 2.60520309e+06  2.87413129e+01  1.37865404e+02 
 2.66527837e+06  2.86513084e+01  1.37213426e+02 
 2.72673897e+06  2.85590612e+01  1.36560229e+02 
 2.78961683e+06  2.84645642e+01  1.35906148e+02 
 2.85394464e+06  2.83678129e+01  1.35251519e+02 
 2.91975583e+06  2.82688049e+01  1.34596682e+02 
 2.98708461e+06  2.81675402e+01  1.33941974e+02 
 3.05596598e+06  2.80640211e+01  1.33287734e+02 
 3.12643573e+06  2.79582524e+01  1.32634297e+02 
 3.19853049e+06  2.78502409e+01  1.31981998e+02 
 3.27228774e+06  2.77399960e+01  1.31331170e+02 
 3.34774581e+06  2.76275292e+01  1.30682138e+02 
 3.42494392e+06  2.75128542e+01  1.30035226e+02 
 3.50392221e+06  2.73959869e+01  1.29390752e+02 
 3.58472171e+06  2.72769453e+01  1.28749025e+02 
 3.66738442e+06  2.71557493e+01  1.28110351e+02 
 3.75195331e+06  2.70324208e+01  1.27475025e+02 
 3.83847234e+06  2.69069835e+01  1.26843336e+02 
 3.92698648e+06  2.67794630e+01  1.26215563e+02 
 4.01754173e+06  2.66498864e+01  1.25591975e+02 
 4.11018515e+06  2.65182825e+01  1.24972833e+02 
 4.20496491e+06  2.63846814e+01  1.24358387e+02 
 4.30193027e+06  2.62491148e+01  1.23748875e+02 
 4.40113162e+06  2.61116154e+01  1.23144526e+02 
 4.50262052e+06  2.59722171e+01  1.22545556e+02 
 4.60644974e+06  2.58309550e+01  1.21952171e+02 
 4.71267322e+06  2.56878650e+01  1.21364564e+02 
 4.82134619e+06  2.55429838e+01  1.20782918e+02 
 4.93252513e+06  2.53963489e+01  1.20207403e+02 
 5.04626783e+06  2.52479982e+01  1.19638177e+02 
 5.16263340e+06  2.50979704e+01  1.19075386e+02 
 5.28168234e+06  2.49463043e+01  1.18519166e+02 
 5.40347650e+06  2.47930392e+01  1.17969639e+02 
 5.52807921e+06  2.46382146e+01  1.17426917e+02 
 5.65555523e+06  2.44818700e+01  1.16891101e+02 
 5.78597080e+06  2.43240451e+01  1.16362281e+02 
 5.91939372e+06  2.41647794e+01  1.15840534e+02 
 6.05589334e+06  2.40041123e+01  1.15325929e+02 
 6.19554061e+06  2.38420831e+01  1.14818524e+02 
 6.33840810e+06  2.36787307e+01  1.14318366e+02 
 6.48457008e+06  2.35140938e+01  1.13825493e+02 
 6.63410251e+06  2.33482105e+01  1.13339934e+02 
 6.78708313e+06  2.31811188e+01  1.12861710e+02 
 6.94359143e+06  2.30128559e+01  1.12390831e+02 
 7.10370877e+06  2.28434585e+01  1.11927301e+02 
 7.26751838e+06  2.26729629e+01  1.11471115e+02 
 7.43510539e+06  2.25014046e+01  1.11022260e+02 
 7.60655691e+06  2.23288186e+01  1.10580717e+02 
 7.78196206e+06  2.21552390e+01  1.10146461e+02 
 7.96141200e+06  2.19806995e+01  1.09719458e+02 
 8.14500001e+06  2.18052329e+01  1.09299671e+02 
 8.33282151e+06  2.16288712e+01  1.08887055e+02 
 8.52497412e+06  2.14516458e+01  1.08481561e+02 
 8.72155772e+06  2.12735872e+01  1.08083135e+02 
 8.92267449e+06  2.10947253e+01  1.07691718e+02 
 9.12842895e+06  2.09150890e+01  1.07307246e+02 
 9.33892805e+06  2.07347066e+01  1.06929653e+02 
 9.55428121e+06  2.05536056e+01  1.06558868e+02 
 9.77460036e+06  2.03718125e+01  1.06194817e+02 
 1.00000000e+07  2.01893534e+01  1.05837422e+02 
 1.02305973e+07  2.00062533e+01  1.05486604e+02 
 1.04665121e+07  1.98225367e+01  1.05142281e+02 
 1.07078670e+07  1.96382270e+01  1.04804367e+02 
 1.09547876e+07  1.94533472e+01  1.04472775e+02 
 1.12074020e+07  1.92679194e+01  1.04147418e+02 
 1.14658417e+07  1.90819650e+01  1.03828204e+02 
 1.17302409e+07  1.88955047e+01  1.03515042e+02 
 1.20007371e+07  1.87085585e+01  1.03207841e+02 
 1.22774708e+07  1.85211456e+01  1.02906504e+02 
 1.25605860e+07  1.83332848e+01  1.02610939e+02 
 1.28502297e+07  1.81449940e+01  1.02321049e+02 
 1.31465525e+07  1.79562905e+01  1.02036739e+02 
 1.34497085e+07  1.77671912e+01  1.01757913e+02 
 1.37598551e+07  1.75777120e+01  1.01484473e+02 
 1.40771537e+07  1.73878685e+01  1.01216324e+02 
 1.44017690e+07  1.71976758e+01  1.00953369e+02 
 1.47338699e+07  1.70071481e+01  1.00695511e+02 
 1.50736290e+07  1.68162994e+01  1.00442654e+02 
 1.54212228e+07  1.66251429e+01  1.00194701e+02 
 1.57768320e+07  1.64336915e+01  9.99515580e+01 
 1.61406415e+07  1.62419576e+01  9.97131285e+01 
 1.65128404e+07  1.60499530e+01  9.94793182e+01 
 1.68936220e+07  1.58576890e+01  9.92500328e+01 
 1.72831844e+07  1.56651767e+01  9.90251790e+01 
 1.76817299e+07  1.54724265e+01  9.88046639e+01 
 1.80894658e+07  1.52794486e+01  9.85883955e+01 
 1.85066040e+07  1.50862526e+01  9.83762825e+01 
 1.89333613e+07  1.48928479e+01  9.81682346e+01 
 1.93699595e+07  1.46992434e+01  9.79641621e+01 
 1.98166255e+07  1.45054477e+01  9.77639764e+01 
 2.02735916e+07  1.43114689e+01  9.75675897e+01 
 2.07410951e+07  1.41173151e+01  9.73749152e+01 
 2.12193792e+07  1.39229938e+01  9.71858672e+01 
 2.17086923e+07  1.37285122e+01  9.70003606e+01 
 2.22092889e+07  1.35338774e+01  9.68183117e+01 
 2.27214291e+07  1.33390960e+01  9.66396376e+01 
 2.32453791e+07  1.31441744e+01  9.64642562e+01 
 2.37814113e+07  1.29491188e+01  9.62920869e+01 
 2.43298042e+07  1.27539351e+01  9.61230497e+01 
 2.48908429e+07  1.25586288e+01  9.59570657e+01 
 2.54648190e+07  1.23632055e+01  9.57940572e+01 
 2.60520309e+07  1.21676704e+01  9.56339473e+01 
 2.66527837e+07  1.19720283e+01  9.54766600e+01 
 2.72673897e+07  1.17762841e+01  9.53221207e+01 
 2.78961683e+07  1.15804424e+01  9.51702554e+01 
 2.85394464e+07  1.13845075e+01  9.50209912e+01 
 2.91975583e+07  1.11884837e+01  9.48742562e+01 
 2.98708461e+07  1.09923749e+01  9.47299795e+01 
 3.05596598e+07  1.07961850e+01  9.45880909e+01 
 3.12643573e+07  1.05999178e+01  9.44485214e+01 
 3.19853049e+07  1.04035768e+01  9.43112027e+01 
 3.27228774e+07  1.02071653e+01  9.41760675e+01 
 3.34774581e+07  1.00106868e+01  9.40430494e+01 
 3.42494392e+07  9.81414418e+00  9.39120827e+01 
 3.50392221e+07  9.61754061e+00  9.37831028e+01 
 3.58472171e+07  9.42087893e+00  9.36560457e+01 
 3.66738442e+07  9.22416191e+00  9.35308481e+01 
 3.75195331e+07  9.02739221e+00  9.34074479e+01 
 3.83847234e+07  8.83057239e+00  9.32857834e+01 
 3.92698648e+07  8.63370490e+00  9.31657936e+01 
 4.01754173e+07  8.43679210e+00  9.30474186e+01 
 4.11018515e+07  8.23983626e+00  9.29305988e+01 
 4.20496491e+07  8.04283955e+00  9.28152756e+01 
 4.30193027e+07  7.84580408e+00  9.27013906e+01 
 4.40113162e+07  7.64873187e+00  9.25888866e+01 
 4.50262052e+07  7.45162486e+00  9.24777066e+01 
 4.60644974e+07  7.25448493e+00  9.23677944e+01 
 4.71267322e+07  7.05731389e+00  9.22590942e+01 
 4.82134619e+07  6.86011349e+00  9.21515509e+01 
 4.93252513e+07  6.66288541e+00  9.20451099e+01 
 5.04626783e+07  6.46563129e+00  9.19397169e+01 
 5.16263340e+07  6.26835269e+00  9.18353183e+01 
 5.28168234e+07  6.07105116e+00  9.17318610e+01 
 5.40347650e+07  5.87372817e+00  9.16292920e+01 
 5.52807921e+07  5.67638516e+00  9.15275591e+01 
 5.65555523e+07  5.47902352e+00  9.14266102e+01 
 5.78597080e+07  5.28164463e+00  9.13263937e+01 
 5.91939372e+07  5.08424979e+00  9.12268583e+01 
 6.05589334e+07  4.88684031e+00  9.11279530e+01 
 6.19554061e+07  4.68941744e+00  9.10296272e+01 
 6.33840810e+07  4.49198241e+00  9.09318303e+01 
 6.48457008e+07  4.29453645e+00  9.08345123e+01 
 6.63410251e+07  4.09708073e+00  9.07376232e+01 
 6.78708313e+07  3.89961642e+00  9.06411133e+01 
 6.94359143e+07  3.70214468e+00  9.05449329e+01 
 7.10370877e+07  3.50466663e+00  9.04490327e+01 
 7.26751838e+07  3.30718340e+00  9.03533633e+01 
 7.43510539e+07  3.10969610e+00  9.02578756e+01 
 7.60655691e+07  2.91220583e+00  9.01625206e+01 
 7.78196206e+07  2.71471368e+00  9.00672491e+01 
 7.96141200e+07  2.51722076e+00  8.99720121e+01 
 8.14500001e+07  2.31972816e+00  8.98767608e+01 
 8.33282151e+07  2.12223695e+00  8.97814461e+01 
 8.52497412e+07  1.92474825e+00  8.96860190e+01 
 8.72155772e+07  1.72726314e+00  8.95904305e+01 
 8.92267449e+07  1.52978274e+00  8.94946313e+01 
 9.12842895e+07  1.33230816e+00  8.93985724e+01 
 9.33892805e+07  1.13484054e+00  8.93022042e+01 
 9.55428121e+07  9.37381005e-01  8.92054774e+01 
 9.77460036e+07  7.39930727e-01  8.91083422e+01 
 1.00000000e+08  5.42490881e-01  8.90107487e+01 
 1.02305973e+08  3.45062667e-01  8.89126469e+01 
 1.04665121e+08  1.47647308e-01  8.88139865e+01 
 1.07078670e+08 -4.97539454e-02  8.87147169e+01 
 1.09547876e+08 -2.47139816e-01  8.86147873e+01 
 1.12074020e+08 -4.44508992e-01  8.85141464e+01 
 1.14658417e+08 -6.41860132e-01  8.84127428e+01 
 1.17302409e+08 -8.39191853e-01  8.83105246e+01 
 1.20007371e+08 -1.03650274e+00  8.82074397e+01 
 1.22774708e+08 -1.23379132e+00  8.81034353e+01 
 1.25605860e+08 -1.43105609e+00  8.79984585e+01 
 1.28502297e+08 -1.62829550e+00  8.78924558e+01 
 1.31465525e+08 -1.82550794e+00  8.77853732e+01 
 1.34497085e+08 -2.02269174e+00  8.76771563e+01 
 1.37598551e+08 -2.21984518e+00  8.75677502e+01 
 1.40771537e+08 -2.41696648e+00  8.74570993e+01 
 1.44017690e+08 -2.61405380e+00  8.73451476e+01 
 1.47338699e+08 -2.81110522e+00  8.72318385e+01 
 1.50736290e+08 -3.00811875e+00  8.71171147e+01 
 1.54212228e+08 -3.20509232e+00  8.70009185e+01 
 1.57768320e+08 -3.40202379e+00  8.68831913e+01 
 1.61406415e+08 -3.59891093e+00  8.67638740e+01 
 1.65128404e+08 -3.79575142e+00  8.66429067e+01 
 1.68936220e+08 -3.99254285e+00  8.65202288e+01 
 1.72831844e+08 -4.18928270e+00  8.63957791e+01 
 1.76817299e+08 -4.38596837e+00  8.62694955e+01 
 1.80894658e+08 -4.58259712e+00  8.61413151e+01 
 1.85066040e+08 -4.77916613e+00  8.60111745e+01 
 1.89333613e+08 -4.97567243e+00  8.58790092e+01 
 1.93699595e+08 -5.17211296e+00  8.57447539e+01 
 1.98166255e+08 -5.36848449e+00  8.56083425e+01 
 2.02735916e+08 -5.56478368e+00  8.54697080e+01 
 2.07410951e+08 -5.76100705e+00  8.53287826e+01 
 2.12193792e+08 -5.95715096e+00  8.51854976e+01 
 2.17086923e+08 -6.15321160e+00  8.50397833e+01 
 2.22092889e+08 -6.34918502e+00  8.48915691e+01 
 2.27214291e+08 -6.54506710e+00  8.47407834e+01 
 2.32453791e+08 -6.74085352e+00  8.45873538e+01 
 2.37814113e+08 -6.93653980e+00  8.44312067e+01 
 2.43298042e+08 -7.13212125e+00  8.42722677e+01 
 2.48908429e+08 -7.32759298e+00  8.41104615e+01 
 2.54648190e+08 -7.52294989e+00  8.39457114e+01 
 2.60520309e+08 -7.71818666e+00  8.37779402e+01 
 2.66527837e+08 -7.91329775e+00  8.36070693e+01 
 2.72673897e+08 -8.10827736e+00  8.34330194e+01 
 2.78961683e+08 -8.30311945e+00  8.32557098e+01 
 2.85394464e+08 -8.49781773e+00  8.30750593e+01 
 2.91975583e+08 -8.69236564e+00  8.28909851e+01 
 2.98708461e+08 -8.88675632e+00  8.27034040e+01 
 3.05596598e+08 -9.08098264e+00  8.25122313e+01 
 3.12643573e+08 -9.27503714e+00  8.23173817e+01 
 3.19853049e+08 -9.46891208e+00  8.21187687e+01 
 3.27228774e+08 -9.66259935e+00  8.19163048e+01 
 3.34774581e+08 -9.85609054e+00  8.17099019e+01 
 3.42494392e+08 -1.00493769e+01  8.14994707e+01 
 3.50392221e+08 -1.02424492e+01  8.12849211e+01 
 3.58472171e+08 -1.04352979e+01  8.10661622e+01 
 3.66738442e+08 -1.06279131e+01  8.08431021e+01 
 3.75195331e+08 -1.08202846e+01  8.06156485e+01 
 3.83847234e+08 -1.10124014e+01  8.03837081e+01 
 3.92698648e+08 -1.12042525e+01  8.01471869e+01 
 4.01754173e+08 -1.13958261e+01  7.99059905e+01 
 4.11018515e+08 -1.15871101e+01  7.96600237e+01 
 4.20496491e+08 -1.17780920e+01  7.94091912e+01 
 4.30193027e+08 -1.19687586e+01  7.91533967e+01 
 4.40113162e+08 -1.21590962e+01  7.88925442e+01 
 4.50262052e+08 -1.23490907e+01  7.86265371e+01 
 4.60644974e+08 -1.25387275e+01  7.83552787e+01 
 4.71267322e+08 -1.27279911e+01  7.80786723e+01 
 4.82134619e+08 -1.29168658e+01  7.77966213e+01 
 4.93252513e+08 -1.31053351e+01  7.75090293e+01 
 5.04626783e+08 -1.32933819e+01  7.72158001e+01 
 5.16263340e+08 -1.34809885e+01  7.69168382e+01 
 5.28168234e+08 -1.36681365e+01  7.66120486e+01 
 5.40347650e+08 -1.38548069e+01  7.63013369e+01 
 5.52807921e+08 -1.40409800e+01  7.59846099e+01 
 5.65555523e+08 -1.42266354e+01  7.56617753e+01 
 5.78597080e+08 -1.44117521e+01  7.53327423e+01 
 5.91939372e+08 -1.45963082e+01  7.49974216e+01 
 6.05589334e+08 -1.47802812e+01  7.46557253e+01 
 6.19554061e+08 -1.49636478e+01  7.43075679e+01 
 6.33840810e+08 -1.51463839e+01  7.39528657e+01 
 6.48457008e+08 -1.53284647e+01  7.35915377e+01 
 6.63410251e+08 -1.55098648e+01  7.32235053e+01 
 6.78708313e+08 -1.56905576e+01  7.28486932e+01 
 6.94359143e+08 -1.58705162e+01  7.24670289e+01 
 7.10370877e+08 -1.60497126e+01  7.20784438e+01 
 7.26751838e+08 -1.62281182e+01  7.16828729e+01 
 7.43510539e+08 -1.64057034e+01  7.12802554e+01 
 7.60655691e+08 -1.65824381e+01  7.08705349e+01 
 7.78196206e+08 -1.67582912e+01  7.04536600e+01 
 7.96141200e+08 -1.69332309e+01  7.00295841e+01 
 8.14500001e+08 -1.71072248e+01  6.95982663e+01 
 8.33282151e+08 -1.72802397e+01  6.91596715e+01 
 8.52497412e+08 -1.74522415e+01  6.87137707e+01 
 8.72155772e+08 -1.76231956e+01  6.82605418e+01 
 8.92267449e+08 -1.77930668e+01  6.77999691e+01 
 9.12842895e+08 -1.79618191e+01  6.73320447e+01 
 9.33892805e+08 -1.81294160e+01  6.68567682e+01 
 9.55428121e+08 -1.82958203e+01  6.63741472e+01 
 9.77460036e+08 -1.84609946e+01  6.58841977e+01 
 1.00000000e+09 -1.86249008e+01  6.53869447e+01 
 1.02305973e+09 -1.87875003e+01  6.48824221e+01 
 1.04665121e+09 -1.89487544e+01  6.43706736e+01 
 1.07078670e+09 -1.91086239e+01  6.38517523e+01 
 1.09547876e+09 -1.92670695e+01  6.33257218e+01 
 1.12074020e+09 -1.94240517e+01  6.27926560e+01 
 1.14658417e+09 -1.95795308e+01  6.22526396e+01 
 1.17302409e+09 -1.97334673e+01  6.17057679e+01 
 1.20007371e+09 -1.98858217e+01  6.11521480e+01 
 1.22774708e+09 -2.00365545e+01  6.05918979e+01 
 1.25605860e+09 -2.01856268e+01  6.00251473e+01 
 1.28502297e+09 -2.03329998e+01  5.94520377e+01 
 1.31465525e+09 -2.04786353e+01  5.88727222e+01 
 1.34497085e+09 -2.06224954e+01  5.82873657e+01 
 1.37598551e+09 -2.07645433e+01  5.76961452e+01 
 1.40771537e+09 -2.09047425e+01  5.70992490e+01 
 1.44017690e+09 -2.10430578e+01  5.64968775e+01 
 1.47338699e+09 -2.11794547e+01  5.58892425e+01 
 1.50736290e+09 -2.13138998e+01  5.52765671e+01 
 1.54212228e+09 -2.14463612e+01  5.46590856e+01 
 1.57768320e+09 -2.15768080e+01  5.40370429e+01 
 1.61406415e+09 -2.17052107e+01  5.34106946e+01 
 1.65128404e+09 -2.18315417e+01  5.27803062e+01 
 1.68936220e+09 -2.19557746e+01  5.21461529e+01 
 1.72831844e+09 -2.20778849e+01  5.15085189e+01 
 1.76817299e+09 -2.21978500e+01  5.08676969e+01 
 1.80894658e+09 -2.23156491e+01  5.02239875e+01 
 1.85066040e+09 -2.24312632e+01  4.95776987e+01 
 1.89333613e+09 -2.25446757e+01  4.89291449e+01 
 1.93699595e+09 -2.26558719e+01  4.82786464e+01 
 1.98166255e+09 -2.27648393e+01  4.76265285e+01 
 2.02735916e+09 -2.28715678e+01  4.69731208e+01 
 2.07410951e+09 -2.29760492e+01  4.63187563e+01 
 2.12193792e+09 -2.30782780e+01  4.56637705e+01 
 2.17086923e+09 -2.31782509e+01  4.50085008e+01 
 2.22092889e+09 -2.32759667e+01  4.43532853e+01 
 2.27214291e+09 -2.33714269e+01  4.36984620e+01 
 2.32453791e+09 -2.34646351e+01  4.30443680e+01 
 2.37814113e+09 -2.35555973e+01  4.23913388e+01 
 2.43298042e+09 -2.36443219e+01  4.17397068e+01 
 2.48908429e+09 -2.37308195e+01  4.10898014e+01 
 2.54648190e+09 -2.38151027e+01  4.04419474e+01 
 2.60520309e+09 -2.38971866e+01  3.97964643e+01 
 2.66527837e+09 -2.39770883e+01  3.91536659e+01 
 2.72673897e+09 -2.40548268e+01  3.85138595e+01 
 2.78961683e+09 -2.41304232e+01  3.78773447e+01 
 2.85394464e+09 -2.42039006e+01  3.72444135e+01 
 2.91975583e+09 -2.42752837e+01  3.66153492e+01 
 2.98708461e+09 -2.43445988e+01  3.59904258e+01 
 3.05596598e+09 -2.44118743e+01  3.53699080e+01 
 3.12643573e+09 -2.44771395e+01  3.47540501e+01 
 3.19853049e+09 -2.45404255e+01  3.41430961e+01 
 3.27228774e+09 -2.46017646e+01  3.35372791e+01 
 3.34774581e+09 -2.46611903e+01  3.29368213e+01 
 3.42494392e+09 -2.47187371e+01  3.23419333e+01 
 3.50392221e+09 -2.47744406e+01  3.17528142e+01 
 3.58472171e+09 -2.48283371e+01  3.11696516e+01 
 3.66738442e+09 -2.48804638e+01  3.05926211e+01 
 3.75195331e+09 -2.49308585e+01  3.00218869e+01 
 3.83847234e+09 -2.49795595e+01  2.94576009e+01 
 3.92698648e+09 -2.50266056e+01  2.88999038e+01 
 4.01754173e+09 -2.50720360e+01  2.83489243e+01 
 4.11018515e+09 -2.51158899e+01  2.78047799e+01 
 4.20496491e+09 -2.51582070e+01  2.72675764e+01 
 4.30193027e+09 -2.51990269e+01  2.67374089e+01 
 4.40113162e+09 -2.52383891e+01  2.62143613e+01 
 4.50262052e+09 -2.52763331e+01  2.56985070e+01 
 4.60644974e+09 -2.53128982e+01  2.51899090e+01 
 4.71267322e+09 -2.53481236e+01  2.46886203e+01 
 4.82134619e+09 -2.53820479e+01  2.41946840e+01 
 4.93252513e+09 -2.54147097e+01  2.37081341e+01 
 5.04626783e+09 -2.54461469e+01  2.32289953e+01 
 5.16263340e+09 -2.54763970e+01  2.27572836e+01 
 5.28168234e+09 -2.55054971e+01  2.22930068e+01 
 5.40347650e+09 -2.55334835e+01  2.18361647e+01 
 5.52807921e+09 -2.55603921e+01  2.13867495e+01 
 5.65555523e+09 -2.55862581e+01  2.09447462e+01 
 5.78597080e+09 -2.56111160e+01  2.05101328e+01 
 5.91939372e+09 -2.56349997e+01  2.00828812e+01 
 6.05589334e+09 -2.56579423e+01  1.96629567e+01 
 6.19554061e+09 -2.56799762e+01  1.92503194e+01 
 6.33840810e+09 -2.57011330e+01  1.88449235e+01 
 6.48457008e+09 -2.57214437e+01  1.84467186e+01 
 6.63410251e+09 -2.57409384e+01  1.80556494e+01 
 6.78708313e+09 -2.57596463e+01  1.76716562e+01 
 6.94359143e+09 -2.57775961e+01  1.72946755e+01 
 7.10370877e+09 -2.57948155e+01  1.69246397e+01 
 7.26751838e+09 -2.58113317e+01  1.65614781e+01 
 7.43510539e+09 -2.58271706e+01  1.62051168e+01 
 7.60655691e+09 -2.58423579e+01  1.58554790e+01 
 7.78196206e+09 -2.58569182e+01  1.55124853e+01 
 7.96141200e+09 -2.58708755e+01  1.51760540e+01 
 8.14500001e+09 -2.58842528e+01  1.48461014e+01 
 8.33282151e+09 -2.58970727e+01  1.45225417e+01 
 8.52497412e+09 -2.59093568e+01  1.42052879e+01 
 8.72155772e+09 -2.59211261e+01  1.38942512e+01 
 8.92267449e+09 -2.59324009e+01  1.35893417e+01 
 9.12842895e+09 -2.59432008e+01  1.32904686e+01 
 9.33892805e+09 -2.59535446e+01  1.29975401e+01 
 9.55428121e+09 -2.59634508e+01  1.27104637e+01 
 9.77460036e+09 -2.59729368e+01  1.24291466e+01 
 1.00000000e+10 -2.59820196e+01  1.21534954e+01 
